0.2412693279359946
0.3248290598290598
0.2843967452300786
0.2948765432098765
0.114728509856715
0.23940062947028895
0.3998100664767332
0.24444444444444444
0.31313131313131315
0.2704136604136604
0.14533215755437978
0.23906349206349206
0.36419753086419754
0.31289730639730634
0.3546979974670133
0.3734299516908212
0.3081273776728322
0.2733333333333333
0.21773609106942438
0.33499999999999996
0.25609592427774247
0.3087121212121212
0.37777777777777777
0.37777777777777777
0.2135698723934018
0.3071883749758789
0.41203703703703703
0.35781305114638445
0.31493515924888477
0.34352341759749166
0.21896745230078565
0.21906204906204907
0.20320851987518654
0.3445473251028807
0.3333333333333333
0.1777837374265946
0.202330117232078
0.3404320987654321
0.24813852813852813
0.2932853257853258
0.26482726423902897
0.30471374304707644
0.3161901087595532
0.2804213907785337
0.2734413580246914
0.35702929709895653
0.36597420069642295
0.2065852141536521
0.1398144379625861
0.2615740740740741
0.29848765432098767
0.34134615384615385
0.26036111111111115
0.2733333333333333
0.42485238862050456
0.37348997070092405
0.3238588915720575
0.2738224573780129
0.31339031339031337
0.22984567901234568
0.15113383530050198
0.13363683935112508
0.2791111111111111
0.29224747474747476
0.27340277777777783
0.32289609053497936
0.3048148148148148
0.3078431372549019
0.34290664933939785
0.278002109934883
0.36055056055056056
0.20327721661054995
0.26814814814814814
0.0934130309293708
0.20105820105820107
0.375
0.3103254769921437
0.2486772486772487
0.5347001763668431
0.17445543874115305
0.3679989944695827
0.3572550289216956
0.35493179659846325
0.19480994152046785
0.2891851851851852
0.20048821548821547
0.3081866281866282
0.2462157809983897
0.28189300411522633
0.21999999999999997
0.20266385661122505
0.3023477611712906
0.19139465472798806
0.2916666666666667
0.28159905937683716
0.307051282051282
0.2601410934744268
0.18140589569160998
0.06996528779862113
0.44061256179822356
0.30752314814814813
0.12776865058377662
0.2775757575757576
0.3074074074074074
0.38095238095238093
0.35917122119503075
0.26969309957815707
0.35408529741863076
0.3529629629629629
0.21798941798941798
0.3450080515297907
0.3698245614035088
0.2596378600823045
0.29714285714285715
0.2330246913580247
0.2330246913580247
0.28817039442039444
0.38658537799490666
0.2143253968253968
0.1652485445588894
0.273045267489712
0.011355661881977668
0.35390946502057613
0.24430580312933253
0.37900013445114994
0.3122616227177631
0.15815303215303214
0.25308641975308643
0.21082284382284386
0.2805768305768306
0.2598517531850865
0.24082048555732766
0.2607240323029797
0.3191919191919192
0.31296296296296294
0.3384126984126984
0.28888888888888886
0.2451197691197691
0.29598549598549595
0.36952380952380953
0.20178390420495684
0.31444444444444447
0.31666666666666665
0.2825213675213675
0.23983855650522318
0.2486772486772487
0.18417508417508416
0.23866666666666667
0.20477366255144033
0.3361904761904762
0.2515009746588694
0.1964238880028354
0.2351901455026455
0.3190940012368584
0.31630507141128056
0.29567155067155065
0.1815966341503976
0.3497403731274699
0.3542607392607393
0.1853988036291958
0.41752136752136754
0.10038869082986729
0.273395931765497
0.3501889644746788
0.27975589225589226
0.17951497679767217
0.15634118967452298
0.384976157815664
0.31675518781192546
0.3606913580246914
0.3288888888888889
0.36979847494553375
0.3062850729517396
0.3145124716553288
0.288229517396184
0.3024582323350796
0.14259341783851587
0.1757603922420494
0.3966269841269841
0.3596371882086168
0.33454246829246825
0.28838383838383835
0.31257173913043473
0.33533333333333337
0.36906525573192245
0.355515873015873
0.33233225108225106
0.25131446010702974
0.26696061140505584
0.378125
0.34722222222222215
0.36333507762079187
0.23557714161179347
0.33925925925925926
0.2324290293040293
0.1646626984126984
0.2213003663003663
0.11810785510785511
0.3383882783882784
0.2847179487179487
0.26933530249706716
0.3311413454270597
0.3140740740740741
0.2593356848912404
0.14318048206937095
0.18353846153846154
0.2829439696106363
0.30714285714285716
0.4306122448979592
0.3782565789473684
0.2394505494505495
0.2654825978974586
0.26916666666666667
0.28332255805695494
0.1261592073346123
0.30864197530864196
0.31111111111111106
0.2528412698412698
0.2723968253968254
0.24000000000000002
0.18876032413900576
0.29384907040777486
0.22629870129870128
0.2138888888888889
0.24561660561660562
0.2491269841269841
0.22541680243293147
0.23906349206349206
0.2138888888888889
0.27696296296296297
0.17439153439153438
0.31074380165289256
0.24848484848484848
0.23676767676767674
0.26416884702598986
0.34722222222222215
0.34722222222222215
0.2716049382716049
0.07247474747474746
0.32936507936507936
0.20509848484848484
0.17731980981980983
0.2446694544006372
0.3669220945083014
0.33126139773614804
0.2662520885453183
0.2571760683760684
0.24082207977207978
0.31625825511387007
0.19753086419753088
0.21595238095238095
0.27777777777777773
0.24814814814814815
0.2046943426943427
0.21258089133089134
0.7916666666666666
0.2444444444444444
0.22361111111111112
0.4058181227479473
0.3142857142857143
0.3149129357484621
0.21970899470899471
0.3145119743803954
0.3035555555555556
0.3191800599382053
0.3422146636432351
0.27024677351937815
0.313015873015873
0.27151455026455024
0.16746031746031745
0.24437389770723106
0.1996375074534116
0.19884727553572873
0.3285748867448214
0.32116402116402115
0.2970687264804912
0.24586580086580087
0.27786666666666665
0.23777885809971375
0.31520763187429857
0.31251194484527817
0.2873015873015873
0.0606007144872691
0.34698620188816265
0.060785514672069295
0.2898166317809175
0.31589285714285714
0.31891534391534393
0.2478626003626004
0.2794669774669775
0.25
0.32576237922705314
0.3181814249628015
0.29865540651739747
0.29808949220713926
0.254949942940139
0.24920227920227916
0.16642397383138122
0.32175925925925924
0.20548143775416502
0.28257522256462936
0.3271604938271605
0.28666623439499256
0.2678130511463845
0.25933048433048433
0.24607407407407406
0.2822924297924298
0.30747863247863244
0.24194152046783626
0.3022222222222222
0.31777004942209625
0.30397805212620027
0.11183240933240933
0.24985554163185741
0.1681335090030742
0.2411764705882353
0.1768888888888889
0.24255144032921813
0.09580246913580247
0.2085740043156304
0.2788757136583223
0.13186963674358632
0.2584615384615384
0.24571428571428572
0.3016666666666667
0.26246913580246917
0.24166666666666667
0.06672652450430229
0.30864197530864196
0.3008080808080808
0.23735605353252412
0.20752136752136752
0.21066666666666667
0.23333333333333334
0.14294849183738073
0.25490123456790126
0.2836940836940837
0.3358024691358025
0.2950925925925926
0.2964975845410628
0.1632012432012432
0.32385984067018553
0.2872735760971055
0.2407936507936508
0.21975308641975308
0.3038503878917822
0.30533333333333335
0.281986531986532
0.15536507936507934
0.23733550400217066
0.2537373737373737
0.2879703202780126
0.2634032634032634
0.369742883379247
0.2191245791245791
0.31783068783068785
0.23
0.15430555555555556
0.1215263748597082
0.21066666666666667
0.3071111111111111
0.21606837606837606
0.2651851851851852
0.40493530745631584
0.31238309016086796
0.40461601307189543
0.28304988662131514
0.20719576719576718
0.23936621113091702
0.3289303289303289
0.3101519395637043
0.27730880230880234
0.2751282051282052
0.26733914711210893
0.28755555555555556
0.35108974358974354
0.3892265484858077
0.2709269976936644
0.3001190476190476
0.3198624231518969
0.1153281322113559
0.23027905900246326
0.17742673992673993
0.3376034858387799
0.3101010101010101
0.14736581501287382
0.2138888888888889
0.07467183916459279
0.18166666666666667
0.20555555555555557
0.30864197530864196
0.3349862258953168
0.3698559670781893
0.21897306397306396
0.10204081632653061
0.23703703703703705
0.3062229437229437
0.3777777777777777
0.20134542705971276
0.45333894500561167
0.1483396464646464
0.34190476190476193
0.29223785473785474
0.39806397306397306
0.24947873799725653
0.3135573421287707
0.37764782326185836
0.13055555555555556
0.19696007696007695
0.34961716524216524
0.26043552407188775
0.26018518518518513
0.1432686654908877
0.3517361111111111
0.17594818376068377
0.09780801209372637
0.3268707482993197
0.2320707070707071
0.2659722222222222
0.24768518518518523
0.378747795414462
0.3850909090909091
0.18156892386584264
0.3226839826839827
0.18293025218951145
0.278229517396184
0.3148719336219336
0.273939393939394
0.221989121989122
0.27017313171159324
0.3609187109187109
0.10583964646464646
0.22534722222222223
0.1883038258038258
0.25925925925925924
0.2662410858063032
0.29478228104034554
0.2706904435299497
0.2980246913580247
0.2938047138047138
0.2866666666666667
0.2339506172839506
0.3444830660880044
0.2916666666666667
0.3333333333333333
0.26833333333333337
0.19876543209876546
0.274074074074074
0.09129923574368018
0.15824915824915825
0.2806299927378359
0.3670163606969163
0.3432346781305115
0.3648703377098439
0.10490339222492079
0.41825113883937415
0.2950125437380339
0.29170092437755485
0.30052910052910053
0.17147856772856773
0.3048649762935477
0.31325711325711325
0.27961867192636425
0.21756539756539758
0.23072085866203515
0.341125926954804
0.2542424242424242
0.3403751803751804
0.23705035705035704
0.3320406445406445
0.30379940865234983
0.30379940865234983
0.4231209150326798
0.3992442810457516
0.3745679012345679
0.2956257467144564
0.37116402116402114
0.42857142857142855
0.24920861031972144
0.2782227249874309
0.24920861031972144
0.36879371631693614
0.21284272866509704
0.36626984126984125
0.31468521190743415
0.430608164983165
0.32378887316387317
0.30045561434450324
0.19597001763668428
0.2668827632062926
0.25227272727272726
0.2488433377322266
0.18492540381429268
0.2349519890260631
0.26092948717948716
0.3281305114638448
0.21871766286482006
0.24181069958847737
0.20666666666666667
0.3158489658489658
0.2001388888888889
0.27704491275919846
0.2015873015873016
0.23502379075855778
0.19259913954358399
0.3206771860618014
0.3055555555555556
0.2575936883629191
0.3231528964862298
0.25720797720797717
0.2902625152625153
0.2751761059453367
0.3774928774928775
0.33903133903133903
0.3412698412698413
0.2987974987974988
0.3475925925925927
0.31888111888111886
0.3211991711991712
0.35624338624338625
0.36906500906500905
0.2507584551052293
0.35833975507765836
0.32755401234567905
0.25739738656405325
0.32275132275132273
0.27055555555555555
0.21323491323491323
0.3716209716209716
0.24583333333333335
0.3661962499171802
0.3144216894216894
0.24184704184704184
0.3152020202020202
0.2944444444444444
0.4164444444444444
0.2035493827160494
0.21232487899154565
0.2899862825788752
0.33555555555555555
0.19953703703703704
0.28205128205128205
0.32243386243386246
0.30313786008230453
0.8484848484848485
0.3639153439153439
0.29523809523809524
0.27257495590828923
0.3434343434343434
0.2889678649237473
0.38271604938271603
0.30529100529100534
0.3205402531382924
0.3205402531382924
0.35496240601503765
0.31047619047619046
0.29473650793650796
0.252922471467926
0.35648148148148145
0.14911149816810193
0.3952741702741703
0.31564625850340133
0.26866666666666666
0.2098257298257298
0.24664957264957266
0.2864293730960398
0.3407792207792208
0.23002313475997688
0.3950757575757576
0.23988095238095236
0.30770135214579664
0.35238095238095235
0.2403827751196172
0.14704731295640386
0.26666666666666666
0.2561728395061728
0.21664957264957263
0.2797306397306397
0.308
0.25430335097001766
0.3375816993464052
0.3239432912766246
0.2925396825396825
0.28734788359788355
0.20903437678800002
0.1875487012987013
0.22638529770882712
0.25990028490028494
0.3543183940242764
0.2432098765432099
0.3846099887766554
0.3
0.3444444444444444
0.2040724707391374
0.31111111111111106
0.3117562006450896
0.3487862862862863
0.23791887125220457
0.277387422613229
0.2755149753114972
0.29879323768212657
0.33476190476190476
0.225
0.26724596391263056
0.18518518518518517
0.8
0.37606220939554275
0.26512345679012345
0.26012876012876013
0.37539026629935723
0.27099603174603176
0.2671801346801347
0.38990740740740737
0.3627994227994228
0.30121212121212126
0.34125000000000005
0.24765015838206628
0.22013347411739226
0.3477366255144033
0.2787037037037037
0.2472934472934473
0.21481481481481482
0.3383333333333333
0.25997474747474747
0.19153105125327347
0.3101174031729587
0.18181818181818182
0.1654795821462488
0.23076923076923078
0.3398830409356725
0.24184535412605587
0.2791666666666667
0.24166666666666667
0.26215007215007213
0.32268874643874645
0.30452674897119336
0.3092117758784425
0.323279267029267
0.32605542605542603

Average Score: 0.2781960902263597
