0.10055933484504913
0.14047619047619048
0.10808080808080807
0.11666666666666667
0.07964332675871137
0.14606481481481481
0.08261363636363635
0.19166666666666668
0.21212121212121213
0.11797979797979799
0.09567901234567901
0.13846153846153844
0.15265749425471647
0.12905464905464906
0.0575058149937377
0.22351851851851853
0.09763973400337037
0.21000000000000002
0.1464957264957265
0.057291666666666664
0.1129555357496534
0.045454545454545456
0.05428240740740741
0.08928571428571429
0.1234567901234568
0.21481481481481482
0.19947089947089947
0.17916666666666667
0.13073424301494474
0.06337448559670782
0.13636363636363635
0.1684149184149184
0.2319615912208505
0.19212962962962962
0.1308641975308642
0.047619047619047616
0.04938271604938272
0.052083333333333336
0.30952380952380953
0.12800734618916437
0.07
0.08333333333333333
0.0625
0.06719312433598149
0.09765512265512265
0.11967592592592594
0.10696627061210394
0.07242798353909466
0.06934156378600823
0.14915123456790122
0.08414351851851852
0.13623129007744395
0.14074074074074075
0.011403508771929824
0.01476337448559671
0.04040404040404041
0.07857079567605883
0.1305681972348639
0.1349527665317139
0.21666666666666667
0.0
0.07809523809523808
0.07025641025641026
0.07705627705627704
0.1111111111111111
0.061111111111111116
0.1076923076923077
0.14074074074074075
0.18518518518518517
0.07029478458049887
0.10317460317460318
0.12037037037037039
0.1037037037037037
0.11522633744855967
0.15079365079365079
0.1634259259259259
0.09722222222222222
0.07747543461829176
0.3127745711079044
0.07010582010582012
0.09791666666666665
0.0978395061728395
0.09727668845315904
0.08009259259259258
0.06481481481481481
0.02666666666666667
0.20037037037037037
0.11862433862433862
0.15534979423868314
0.12121212121212122
0.1763085399449036
0.1402229084047266
0.12974494641161308
0.1235958485958486
0.12222222222222223
0.10317460317460317
0.05442176870748299
0.013605442176870748
0.01333333333333333
0.22190170940170942
0.041666666666666664
0.06481481481481481
0.22655122655122656
0.20944444444444443
0.1844877344877345
0.08404195011337869
0.18083003869768574
0.09925518925518925
0.14177264887436455
0.0068027210884353765
0.17531372948039614
0.23181818181818184
0.13979423868312754
0.1564625850340136
0.1396011396011396
0.10182780182780182
0.18171296296296294
0.10802469135802469
0.1763888888888889
0.045454545454545456
0.10967078189300412
0.01333333333333333
0.030864197530864203
0.044000612182430364
0.0680911680911681
0.0887713109935332
0.02666666666666667
0.08665716999050332
0.017777777777777778
0.060690438034188034
0.06267806267806268
0.10460667278849096
0.06406186406186407
0.06336088154269973
0.21604938271604937
0.15897435897435896
0.11111111111111112
0.18361111111111109
0.17558922558922557
0.16164021164021164
0.10997150997150998
0.07818930041152264
0.07333333333333333
0.043333333333333335
0.0823045267489712
0.10317460317460317
0.19333333333333336
0.1909090909090909
0.1111111111111111
0.2
0.20833333333333334
0.053497942386831275
0.04290674603174604
0.2469310840109159
0.15413393191170968
0.14
0.0750561167227834
0.09008136924803592
0.14965986394557823
0.046875
0.12304131054131055
0.08851851851851851
0.18702947845804987
0.15555555555555556
0.1945773524720893
0.12838613406795224
0.07818930041152264
0.0888722617117679
0.09242919389978214
0.19029951690821256
0.17195767195767195
0.2493827160493827
0.04550715488215489
0.13690476190476192
0.07471509971509971
0.21211262282690851
0.13337742504409172
0.1385214579659024
0.10400883838383838
0.026180169037311896
0.10734126984126983
0.16083916083916083
0.27838869604194677
0.08148148148148149
0.0935374149659864
0.16518518518518518
0.1714340828924162
0.12757201646090535
0.10288065843621398
0.14189814814814813
0.046875
0.15310002788994384
0.08994708994708994
0.07818930041152264
0.16601731601731604
0.12075396825396827
0.16682566616390146
0.1383015873015873
0.1092214663643235
0.15164021164021163
0.11025641025641027
0.21943241943241942
0.1574074074074074
0.19021604938271608
0.15946502057613168
0.11666666666666667
0.05349794238683128
0.1922398589065256
0.14965986394557823
0.16648452729044835
0.2032967032967033
0.10939327485380117
0.07666666666666666
0.1621169532627866
0.07
0.07806267806267807
0.10358974358974359
0.13125
0.11231481481481481
0.2015873015873016
0.10547138047138047
0.07957045803199649
0.23884078884078883
0.18759259259259262
0.19444444444444445
0.11025641025641027
0.14222222222222222
0.1690740740740741
0.11388888888888887
0.17777777777777778
0.14285714285714285
0.22144522144522147
0.1553030303030303
0.18518518518518517
0.18944822373393802
0.22916666666666663
0.17962962962962967
0.2716049382716049
0.027777777777777776
0.14512471655328799
0.21
0.12834961334961334
0.1234567901234568
0.19021898883009994
0.03298611111111111
0.226547385620915
0.08127777777777778
0.14444444444444443
0.011974288337924698
0.14876974876974877
0.1037037037037037
0.1888888888888889
0.20947550034506557
0.16904761904761903
0.13020833333333334
0.09375
0.06969009826152683
0.11342592592592593
0.19695419103313838
0.21317878028404344
0.07
0.11337621832358674
0.14319003527336863
0.15235449735449735
0.09612348523638847
0.08290816326530612
0.15976331360946747
0.005208333333333333
0.046875
0.015625
0.05584950029394474
0.12091906721536351
0.08641975308641976
0.11942239858906527
0.10498971193415639
0.17491199877563515
0.09071560248030837
0.17407407407407408
0.07284970921334558
0.23703703703703705
0.06278659611992944
0.05070707070707071
0.08212396069538927
0.052557319223985904
0.07154195011337869
0.1380952380952381
0.07223668981481482
0.15626102292768962
0.1
0.1
0.143319771791994
0.052083333333333336
0.07692307692307693
0.14814814814814814
0.07925407925407925
0.061111111111111116
0.16575091575091574
0.1814814814814815
0.15863289760348584
0.19090909090909092
0.11666666666666667
0.15657462195923735
0.12222222222222223
0.22448979591836735
0.14131944444444444
0.17779220779220778
0.1574074074074074
0.08333333333333333
0.17222222222222222
0.053497942386831275
0.024793388429752063
0.05596707818930042
0.125
0.11666666666666667
0.09595959595959597
0.16962962962962963
0.14166666666666666
0.1432098765432099
0.1447811447811448
0.07333333333333333
0.16161616161616163
0.047619047619047616
0.15954415954415954
0.21164021164021166
0.08518518518518518
0.16333333333333336
0.07407407407407408
0.14245014245014245
0.18269739519739517
0.15151515151515152
0.1909722222222222
0.16666666666666666
0.2
0.17179487179487177
0.1111111111111111
0.1037037037037037
0.09884297520661156
0.16753513975736198
0.18518518518518517
0.14468864468864467
0.11313131313131314
0.12317554240631164
0.11363636363636363
0.08564814814814815
0.052083333333333336
0.032407407407407406
0.17619047619047618
0.12121212121212122
0.14861111111111114
0.15813692480359146
0.147008547008547
0.15617715617715616
0.08284023668639054
0.1657990157990158
0.0743801652892562
0.13541666666666666
0.11904761904761905
0.08854166666666667
0.0808080808080808
0.14375
0.23809523809523808
0.14433048433048434
0.15637860082304528
0.22602374283046553
0.06767676767676768
0.2245510662177329
0.026154401154401152
0.09523809523809523
0.12740853917324507
0.11421911421911424
0.11861034588307316
0.19500925561531623
0.16877899877899877
0.20119056062260932
0.09056984845220138
0.07339365881032546
0.11744806976288456
0.082
0.05178571428571429
0.1369047619047619
0.06588293650793652
0.08064620564620566
0.06351648351648352
0.12227513227513226
0.1037037037037037
0.09692810457516339
0.10055555555555555
0.05889917695473252
0.09568452380952382
0.11856481481481482
0.16419753086419753
0.23002460502460503
0.23074661963550855
0.18434343434343436
0.09183673469387756
0.1346707818930041
0.13333333333333333
0.13564814814814816
0.07936507936507936
0.2669427220080815
0.06770833333333333
0.13391203703703705
0.2918591439424773
0.352662037037037
0.1279191919191919
0.1297430083144369
0.24544385655496767
0.10493827160493827
0.12396694214876033
0.17708333333333334
0.158008658008658
0.15145502645502645
0.18724678855397808
0.08680555555555554
0.16025641025641027
0.08975812547241119
0.1967498110355253
0.11666666666666668
0.057291666666666664
0.01851851851851852
0.11655092592592592
0.11131313131313131
0.1965688632355299
0.24634162134162135
0.16666666666666666
0.09136002886002886
0.0708912037037037
0.08268398268398268
0.21911421911421913
0.23407148407148406
0.2866666666666667
0.16875000000000004
0.08333333333333333
0.10416666666666667
0.10774410774410775
0.1726190476190476
0.15333333333333332
0.16666666666666666
0.17599607182940516
0.2049074074074074
0.07
0.1311728395061728
0.19153439153439156
0.15729166666666666
0.26117364117364117
0.17279230210602758
0.1212121212121212
0.22011396011396017
0.15185185185185185
0.20959595959595959
0.142098063973064
0.04715399610136453
0.11796749194847019
0.08649091865466135
0.10416666666666667
0.16641835016835016
0.18452380952380953
0.11528829966329968
0.1568903318903319
0.012345679012345671
0.1261904761904762
0.17114367114367116
0.1192918192918193
0.07634032634032635
0.12327117327117328
0.019038873584328132
0.08164983164983165
0.13958977530406103
0.11980083408654836
0.09819121955485591
0.164207905384376
0.05322751322751323
0.225978835978836
0.11893939393939393
0.196780303030303
0.16944444444444443
0.10204081632653061
0.2762887377173091
0.0704732510288066
0.11071047008547008
0.09156378600823045
0.1111111111111111
0.10069444444444443
0.07253086419753085
0.17792875848431405
0.10553451178451179
0.11074284511784512
0.15897600342044788
0.06177328843995511
0.1089975845410628
0.08333333333333333
0.1111111111111111
0.07407407407407407
0.07407407407407407
0.08333333333333333
0.15650352733686065
0.08086785009861933
0.08333333333333333
0.11111111111111112
0.100495337995338
0.178219696969697
0.10317460317460318
0.12857142857142856
0.09104938271604938
0.1670875420875421
0.20854700854700853
0.22671690449468226
0.13034188034188035
0.17492877492877495
0.1448148148148148
0.16666666666666666
0.16096866096866097
0.23033799533799537
0.14102564102564105
0.11489040060468633
0.1560185185185185
0.10375686691476166
0.19543650793650796
0.18376068376068377
0.19846938775510203
0.21029572279572278
0.15765160765160763
0.12598204264870932
0.05808080808080808
0.16717918569770424
0.12627187627187628
0.08148148148148149
0.09876543209876543
0.07929292929292929
0.07858796296296297
0.046875
0.16772937710437708
0.14444444444444443
0.12814814814814815
0.13333333333333333
0.07
0.14091401342863333
0.22722171207019692
0.20555555555555557
0.11157407407407408
0.12487535612535612
0.16302870918255535
0.10714285714285715
0.11008230452674896
0.17496392496392496
0.1359116809116809
0.1467236467236467
0.0808080808080808
0.24699035812672177
0.19722222222222224
0.24606151735781367
0.2583769689229459
0.10156790561379933
0.0868502690724913
0.04
0.15824915824915825
0.17150997150997152
0.13468013468013468
0.21435185185185185
0.034013605442176874
0.12121212121212122
0.11904761904761904
0.16153846153846155
0.12396694214876033
0.17530864197530865
0.11728395061728396
0.20134680134680136
0.10833333333333334
0.2839290339290339
0.1791005291005291
0.1938271604938272
0.21428571428571427
0.22839506172839505
0.17352092352092352
0.08567153011597456
0.1935185185185185
0.08717948717948718
0.2218113162557607
0.12777777777777777
0.23562610229276898
0.12626262626262624
0.1511574074074074
0.14303030303030304
0.12883597883597883
0.1339993502274204
0.1792929292929293
0.13257575757575757
0.15262074940437512
0.16777390780873755
0.09454732510288066
0.14141414141414144
0.05333333333333334
0.10740740740740741
0.06887052341597795
0.07777777777777778
0.11522633744855967
0.049093736593736594
0.11361882716049385
0.09662962962962963
0.09572649572649573
0.05283060838616394
0.14166666666666666
0.16666666666666666
0.19393918609967992
0.11986511202560585
0.05418803418803419
0.1103896103896104
0.07272727272727272
0.1828282828282828
0.20710001499475186
0.3
0.07649636243386243
0.1901830808080808
0.16855644355644356
0.098989898989899
0.09919871794871794
0.005208333333333333
0.0411522633744856
0.0411522633744856
0.2185185185185185
0.08564814814814815
0.07486111111111111
0.1701388888888889
0.11847643097643099
0.12654320987654322
0.09876543209876544
0.1489057239057239
0.14529914529914528
0.14423076923076922
0.1372549019607843
0.13251028806584364
0.21759259259259262
0.10666666666666667
0.09166666666666666
0.19444444444444445
0.13657407407407407
0.18216351549684887
0.1400673400673401
0.08555555555555555

Average Score: 0.1295798577243283
