0.2964694564694565
0.2166666666666667
0.15970741901776386
0.2101543209876543
0.1778917378917379
0.1351984598553226
0.3061847535180868
0.20533333333333334
0.173988788988789
0.17683341350008017
0.37037037037037035
0.22715823065823065
0.24037257495590833
0.31138823297914203
0.2527857499466117
0.22735829897424104
0.20100424535207143
0.4406919435904943
0.36785243741765483
0.17587279890997767
0.34530196955214393
0.20686055873221648
0.10680523180523178
0.15487128612128612
0.2447971781305115
0.2429491603404647
0.2632716049382716
0.273015873015873
0.061296296296296286
0.09540428707095375
0.22535754369087704
0.17166685166685167
0.2019563152896486
0.21405687176155017
0.13998100664767332
0.10285714285714287
0.07073015220074044
0.22166666666666668
0.1413003663003663
0.14246882746882747
0.19913214345567284
0.17952907658790013
0.25
0.2029854096520763
0.2373148148148148
0.24649435531788472
0.18678488087801817
0.20397805212620027
0.30397805212620027
0.18738095238095237
0.15033043345543348
0.18173544236892653
0.22533333333333333
0.07142857142857142
0.15654479265590376
0.09007381804457532
0.2514062935115567
0.22510213243546578
0.3076923076923077
0.23209150326797387
0.20935316006744578
0.1358651665794523
0.19745787545787546
0.19777777777777777
0.1727384960718294
0.10882054673721339
0.22451963241436926
0.29596238069922276
0.22430858290507413
0.0466295609152752
0.18074003683759782
0.09440937149270484
0.2777927422371867
0.4051509807065362
0.5025699168556311
0.3234026775693442
0.133961974239752
0.20628251300520212
0.2690821678321678
0.22117592336079733
0.22499092229484388
0.2201371673593896
0.12757159325786777
0.27059591642924974
0.12708333333333335
0.14681818181818182
0.17375420875420874
0.17604980969111406
0.17225549142215807
0.2492817945942946
0.23775557465748853
0.27448625448625447
0.31293356848912407
0.19812730479397145
0.11309764309764309
0.20761904761904765
0.19277439932201837
0.2215923406399597
0.8666666666666667
0.231148220991971
0.08344947876197877
0.13439430939430935
0.1570300771058347
0.1846687109187109
0.19306414484985912
0.20108460253197097
0.15635551086531477
0.20170434503767834
0.23670776391364626
0.14616802950136285
0.2515365002683843
0.3190037772493913
0.23061064586990515
0.19792894935752076
0.036375661375661374
0.04563492063492064
0.29635942760942763
0.24140011223344557
0.2074074074074074
0.23027417027417027
0.13701521386706572
0.26666666666666666
0.3156084656084656
0.10372385470870318
0.19874434771388177
0.21523757954557177
0.13930596255596256
0.1317161510169173
0.3111111111111111
0.30701566951566955
0.3040265906932573
0.16237373737373736
0.25301362658505516
0.20529045869954962
0.2689287050398161
0.13573953823953824
0.2064060502989074
0.21731421356421354
0.22287343128252218
0.19935084360084362
0.21284796684796686
0.20545120517342738
0.21866666666666665
0.06915528915528915
0.2633972508972509
0.04066515495086922
0.2412967772967773
0.15189417989417991
0.20406378600823044
0.15733333333333333
0.1497990703253861
0.1983774250440917
0.18257020757020756
0.20188981653267365
0.20022986272986273
0.29567155067155065
0.050571188071188065
0.09623466810966809
0.08604411461554318
0.16406099687349687
0.04954096829096829
0.035690235690235675
0.22215169906346374
0.3186507936507937
0.22688246097337006
0.24242424242424243
0.3333333333333333
0.23376964827582114
0.24196969696969697
0.2605453875826425
0.28694845187492246
0.2084851785832178
0.20317554744638078
0.10638957603243317
0.7932777099443765
0.30586237995720755
0.25628094672212315
0.8518518518518519
0.11975746475746474
0.09584570191713049
0.39107142857142857
0.18787301750537047
0.29790476190476184
0.22451068376068375
0.209901738473167
0.21964183964183967
0.20635311447811447
0.20537037037037037
0.218376135812783
0.33786375661375656
0.1291958041958042
0.1314594928880643
0.14366985441519603
0.14337448559670782
0.18526482776482778
0.9047619047619048
0.31262345679012343
0.2777593984962406
0.21141926856212573
0.1864749694749695
0.2634324194324194
0.39156462585034013
0.2962962962962963
0.2968195179306291
0.21399176954732507
0.17715099715099714
0.2633744855967078
0.3037037037037037
0.33934240362811796
0.29137996971781804
0.23498456156053207
0.1461872630293683
0.20539650051053565
0.375
0.19629629629629627
0.15376511651021454
0.30533333333333335
0.17395136345136344
0.20126862026862027
0.2194442388886833
0.26117798353909466
0.24850610927534006
0.11222962222962224
0.21359259259259258
0.22707733007733003
0.17763278986808395
0.17318274318274318
0.11424806058139393
0.2311059238510219
0.1783902459196577
0.20145191409897292
0.18572437663346753
0.2014985014985015
0.24727272727272728
0.3063154834583406
0.15941211724964585
0.375
0.27753086419753087
0.8333333333333334
0.15740740740740738
0.2702746913580247
0.280945900807012
0.20471734892787527
0.21327783458244418
0.2514266861544983
0.23760992395976915
0.2754790394790395
0.10484582084582085
0.22589202263115318
0.18909465020576133
0.12885361552028218
0.12113636363636364
0.2651885521885522
0.25825000707353646
0.37777777777777777
0.1531084656084656
0.12871572871572873
0.1773809523809524
0.2690515647109718
0.25132885771983515
0.2908256485230169
0.1898788852473063
0.3055555555555556
0.31953086419753085
0.22108843537414963
0.23423332295881316
0.23076923076923078
0.28324774354186116
0.35310457516339877
0.07348901098901099
0.17059031019815335
0.3450012103606875
0.11162897257668501
0.08364231588632459
0.28022909874761726
0.25931018872195344
0.18825194892826472
0.1788190476190476
0.2098278545873067
0.16367157412909047
0.1948717948717949
0.2125925925925926
0.14577667430608607
0.21344243084439166
0.3087365249129955
0.30292022792022794
0.24308261183261182
0.2080467372134039
0.29074074074074074
0.26548821548821544
0.22077922077922077
0.2619047619047619
0.22115384615384615
0.1873911273911274
0.1264957264957265
0.294375
0.2750854700854701
0.18079561042524006
0.1868895776900163
0.29104377104377105
0.2026260036260036
0.1925838264299803
0.20222222222222222
0.2619047619047619
0.26822598697598693
0.3214775132275133
0.1880781440781441
0.1558113128701364
0.20966931216931214
0.2716049382716049
0.2727272727272727
0.1743064633260712
0.13909722222222223
0.1873295454545455
0.16462524403700873
0.1942222222222222
0.15863492063492063
0.1864814814814815
0.1911522633744856
0.19042424242424244
0.2322068569159362
0.1980952380952381
0.3117948717948718
0.195578231292517
0.20858024691358024
0.15569584736251402
0.20717604617604615
0.21145850034738925
0.1537511870845204
0.18183742183742185
0.18292087542087543
0.22604761904761903
0.1416969696969697
0.15128205128205127
0.11465337132003797
0.17101234567901233
0.14537058900695266
0.14230025118914008
0.23904761904761906
0.2260088569987638
0.21722721722721722
0.2071243788890848
0.18833255524431994
0.15596373790818235
0.19148148148148147
0.08695994637171107
0.1862222222222222
0.17713323713323717
0.2307777777777778
0.2573180114084254
0.28734825024680094
0.2591941391941392
0.24068376068376068
0.2352396109413653
0.20666666666666667
0.19686067019400355
0.21055555555555552
0.25666666666666665
0.20827160493827163
0.17911099086099086
0.22322663139329807
0.1094102564102564
0.18222222222222226
0.248409734264076
0.2632272609545337
0.20719294662309365
0.2850106709350407
0.21951427914160832
0.20828978934568995
0.1955932955932956
0.2123770169224715
0.3326555599282872
0.21801058201058202
0.3630177830356083
0.24695610086889758
0.2730606219641308
0.3026696211881397
0.2531257631257631
0.24927849927849924
0.1965583028083028
0.1783838383838384
0.3036933436933437
0.28174603174603174
0.27752968841857734
0.2215719095719096
0.2844444444444444
0.2711111111111111
0.48141970448763194
0.22036005661005661
0.3380301595092729
0.1828856328856329
0.30684573002754817
0.2316225749559083
0.2604064839893717
0.2865646258503401
0.17111859334081558
0.22913023088023088
0.26256613756613756
0.2742857142857143
0.3906982934760712
0.3006264568764569
0.34890873015873014
0.31386475407308745
0.40740740740740744
0.22347873799725645
0.3493405139833712
0.21929052842709534
0.11384990926053727
0.22663614801545837
0.2339451058201058
0.13282828282828285
0.2051470588235294
0.7777777777777778
0.28245701058201056
0.3333333333333333
0.2523408690075357
0.9523809523809523
0.2617165242165242
0.18333333333333335
0.08123456790123457
0.22083333333333333
0.2067099567099567
0.15672942577704482
0.3594636844636845
0.26137860082304526
0.3725369075369076
0.35630291005291004
0.23999999999999996
0.19158249158249158
0.26208112874779543
0.26886039886039886
0.16562500000000002
0.1472204415954416
0.17539682539682536
0.24899885880278033
0.3095483991317325
0.17377777777777775
0.17720324942547167
0.29676954732510286
0.3037037037037037
0.31281481481481493
0.23196548821548818
0.2693741649297205
0.14539696414696415
0.2978595478595478
0.2850021182521182
0.2247050754458162
0.33519400352733686
0.3018655692729767
0.21860990860990862
0.17278277051561364
0.09073286435786439
0.1337335407647908
0.2024977954144621
0.24270683020683018
0.15531904007394204
0.19589065255731924
0.2532627058790293
0.22974252379014284
0.3029282908449575
0.2712842712842713
0.27622840122840125
0.21306933806933806
0.15248381248381251
0.2440154181330652
0.14070990012166484
0.1874971705854059
0.16712290976996858
0.14334554334554334
0.2015432202035073
0.2966830065359477
0.2966830065359477
0.21784097384097387
0.18977564102564104
0.21699823633156967
0.25042283950617283
0.3581254724111867
0.28549159834874116
0.22299213132546464
0.11397232397232397
0.22279593318809005
0.19047619047619047
0.15177229225023345
0.21741003209418164
0.32228553339664456
0.46369217202550533
0.33030811327379955
0.20585243974132866
0.2850132275132275
0.33560606060606063
0.1786890401473735
0.22050130939019827
0.22775991979695687
0.30726399800473875
0.26712386920720255
0.27222222222222225
0.17208908612754767
0.1231628453850676
0.23333333333333334
0.2502946127946128
0.19206456311719472
0.2785508142651
0.1514910833760283
0.16036260036260036
0.23767676767676774
0.2541880341880342
0.2469135802469136
0.19183661330954202
0.1910287451261082
0.20702934695835304
0.2833180708180708
0.1798143655685134
0.2538153086927597
0.19682539682539682
0.16802509219175887
0.21153150553150554
0.19268061156950045
0.19234476489378452
0.23333506000172669
0.2424595157928491
0.3026127908179191
0.21058964183964182
0.1979377104377104
0.3219732042648709
0.09429238457016235
0.2877862877862878
0.2896031746031746
0.22636622636622636
0.1921088171088171
0.20692264911014913
0.36682539682539667
0.29858342229665763
0.2738794376513675
0.17508317299983966
0.04806763285024155
0.09979349046015712
0.2323339212228101
0.1700123894063288
0.13936899862825788
0.21432098765432098
0.2730984447651114
0.21724867724867727
0.18759082892416226
0.21108906525573193
0.16061808561808563
0.12234006734006735
0.2133515211640212
0.196766326590888
0.16906204906204908
0.23612698412698413
0.28074661963550857
0.13787873259137626
0.26315798399131735
0.11804884073402591
0.24767396184062848
0.24163940997274336
0.2123108465608466
0.20929533429533428
0.2712962962962963
0.18373015873015874
0.259366391184573
0.17399552828124257
0.20211287477954146
0.2549196482529816
0.31723334690001354
0.2667875334542001
0.28317028650361986
0.3188471177944862
0.16747343565525386
0.21942577030812327
0.22688391855058523
0.18952535559678416
0.11475428892095557
0.2100118316027407
0.1254835390946502
0.1636208236208236
0.16407366707366708
0.35544260951668366
0.2383887470554137
0.3208628408628409
0.09836404457319489
0.22334896584896585
0.33096825396825397
0.2576455026455027
0.2623062285342987
0.13700036075036073
0.16518016297428062
0.26000916345945585
0.1750688813537111
0.17999999999999997
0.23544011544011545
0.11366666666666667
0.09326509883031624
0.20483436853002068
0.13456479913001654
0.12916934231749047
0.16969355344355344
0.22214082214082215
0.24096340696340696
0.23897363320440243
0.1497043930377264
0.16678780478780478
0.21873082678638234
0.23832506770778375
0.12615394664777385
0.18381339031339033
0.21884933248569613
0.1899138235501872
0.3341008120419885
0.209609077790896
0.22259494100670574
0.33572601010101005
0.37739267676767674
0.41105339105339106
0.34692640692640697
0.29958333333333337
0.1258192210851202
0.016846166341780374
0.016846166341780374
0.20996296296296296
0.22731236356236353
0.1639338624338624
0.13829405162738498
0.2886631886631887
0.14124779541446209
0.17548658914757986
0.15646982646982646
0.18761801016702975
0.1431667762436993
0.2133019121878771
0.1729453262786596
0.24548611111111107
0.2396825396825397
0.2233333333333333
0.17543803418803422
0.3037372778113519
0.2543368065107196
0.21020059232133534
0.18291390091390092

Average Score: 0.22549307607026725
