0.22936507936507936
0.22222222222222218
0.19842788790157212
0.14610636277302944
0.2938671464987255
0.19025793650793651
0.2861828449328449
0.1902222222222222
0.31732711732711727
0.14484399551066218
0.19934156378600823
0.19394871794871796
0.2146549823633157
0.2926373753959961
0.20487654320987655
0.16861892736892736
0.1524676353553359
0.1310919540229885
0.3688888888888889
0.18400793650793654
0.2391638608305275
0.16427489177489177
0.19465811965811966
0.14619940244940244
0.3774132863021752
0.1171561848645182
0.26194715778049116
0.1419337606837607
0.15709876543209875
0.16087869245763983
0.1604012149466695
0.18856698856698856
0.2716123471461162
0.2514293909469348
0.1446343779677113
0.16
0.2863247863247863
0.3055555555555555
0.2421245421245421
0.20756689704058126
0.1918904869640164
0.13107753357753357
0.16671810699588477
0.25087268473823093
0.1834049823633157
0.3246214596949891
0.3160765460030166
0.23641975308641974
0.26296296296296295
0.15551146384479717
0.11428889012222346
0.2229799884211649
0.21350877192982456
0.1602127659574468
0.19514861827345933
0.1606318729163557
0.24225596671417104
0.1089594356261023
0.17094017094017094
0.33200317460317463
0.27409733124018837
0.28701668701668703
0.20587606837606837
0.1980393875130717
0.1121483187954923
0.16693613485280154
0.17554154995331467
0.2630952380952381
0.1689300411522634
0.06551009558528358
0.0615828337632849
0.1973063973063973
0.07629536101758323
0.08034001824851499
0.3401360544217687
0.35613175404842073
0.06369248035914704
0.30776014109347444
0.46288689763180596
0.17857460000317144
0.1506994610709781
0.14479918229918232
0.14983886483886483
0.18261858349577648
0.10934343434343433
0.09176644493717662
0.15164983164983165
0.2015790176901288
0.12022298688965355
0.26555555555555554
0.17220967438358742
0.10251009372221494
0.2627777777777778
0.1275533108866442
0.09923263464930132
0.11942554799697656
0.1808836665979523
0.14494834971025447
0.27757575757575753
0.24563492063492065
0.26804503367003363
0.1495985495985496
0.21164239800603435
0.2643434343434344
0.32850958565244276
0.10060680347947429
0.21618265993265995
0.1318101651434985
0.20822291542879778
0.03830309901738474
0.19208527985701898
0.21986225275698962
0.04755717533495311
0.19849973659497472
0.20704144620811288
0.20037477954144622
0.20966200466200466
0.292003367003367
0.20458333333333334
0.21434583934583934
0.22625868824699233
0.10666666666666667
0.12225444308777644
0.1698402369782984
0.14827574522915027
0.08888695935076253
0.03537037037037037
0.06256423888002836
0.04148148148148148
0.7291666666666666
0.7333333333333333
0.07915518824609734
0.15648148148148147
0.21019519201337383
0.28344457124413547
0.3030555555555555
0.32893506493506497
0.23729316979316978
0.16256570029297301
0.2322931697931698
0.22274467712118315
0.16741733232133763
0.1598992673992674
0.11455555555555555
0.0795889295889296
0.3549556626169529
0.22161375661375662
0.15352380952380953
0.08969774372073222
0.17826839826839827
0.17944444444444443
0.15654962321628987
0.24358005521048998
0.19526695526695523
0.3068462401795735
0.144145902028255
0.14523208273208274
0.17633523883523883
0.22618714618714617
0.2541967291967292
0.20345210345210343
0.20446127946127945
0.1385858585858586
0.21857950250807393
0.1611976911976912
0.22156524595548985
0.33535353535353535
0.27790545074495693
0.1252620320855615
0.29017588162325003
0.3340529444100872
0.2957800224466891
0.15513972592403966
0.23901495330066758
0.3525725817392484
0.3197851529188953
0.2953206669873336
0.3226030142696809
0.23398528940195606
0.17455461645937836
0.396031746031746
0.18594276094276094
0.17794444444444443
0.272
0.20672789477300757
0.12407916157916159
0.20221949891067537
0.7407407407407407
0.28183421516754853
0.18127185314685315
0.14467199467199468
0.30392464678178965
0.15459183673469387
0.17080148932000783
0.2530122655122655
0.2736968777409954
0.15274725274725276
0.24257495590828923
0.18430005620481812
0.07572286663953331
0.19895424836601308
0.35097457706153357
0.20905349794238687
0.2654085831863609
0.20105820105820107
0.11884411884411886
0.27988242210464426
0.23492063492063492
0.18434687006115577
0.19276924951267058
0.18893916540975367
0.1427237175063262
0.1125
0.29095260032760034
0.1413217138707335
0.19714308325419438
0.20734456868667397
0.27336263736263733
0.19750738150738154
0.28325748325748323
0.12230273752012882
0.17319548282758987
0.18793706293706292
0.1862857142857143
0.20054945054945053
0.11517094017094018
0.23324786324786326
0.16615384615384612
0.22712362019514
0.2523787063416693
0.2961942668805414
0.2375697534788444
0.2013137199500836
0.14395622895622895
0.321716378859236
0.26479965284313106
0.25032941595441593
0.20216049382716048
0.8333333333333334
0.11845725424672793
0.36791666666666667
0.3054545454545455
0.16978395061728394
0.2287207463318575
0.15019654646847633
0.1567602736101188
0.2821911421911422
0.23772650108176427
0.23001969971666944
0.0998971193415638
0.15519416386083051
0.21041847041847042
0.1491111111111111
0.1925079365079365
0.27037037037037037
0.15906084656084657
0.16802721088435374
0.17569444444444446
0.14130579297245963
0.3026313192979859
0.2311823361823362
0.19415929749263086
0.27376543209876547
0.2522450142450142
0.18405139833711262
0.15897065897065898
0.23065339219185377
0.23249007936507937
0.18044117647058824
0.153885582010582
0.13591036414565827
0.23093681917211328
0.1369601591823814
0.15699349383559907
0.19045214045214043
0.11168831168831168
0.1433956493034924
0.2522666666666667
0.13155463728191
0.28307771668338116
0.08769007318026927
0.13174603174603175
0.11628651460584234
0.15296664120193532
0.19791916766706685
0.13733525733525734
0.1279761904761905
0.23180309160701318
0.19712828770799787
0.17812214849517577
0.053565962656871746
0.11146622474747475
0.16236078736078738
0.22079772079772084
0.09324009324009323
0.1507098765432099
0.12646723646723648
0.22110630110630108
0.2889711934156379
0.20258938592271927
0.20055026455026453
0.1757102157102157
0.243694885361552
0.16455026455026456
0.18261437908496733
0.3335714285714285
0.19732711732711733
0.24819347319347318
0.13965645259453308
0.26814814814814814
0.225046317279327
0.18518518518518517
0.12430799220272903
0.21872117080450415
0.16415803052166691
0.12548148148148147
0.1684232804232804
0.14405055849500295
0.15024691358024692
0.31111111111111106
0.13982087357087356
0.1724565381708239
0.24431879611366789
0.20761904761904765
0.25555555555555554
0.16826184926184926
0.14507407407407408
0.2
0.18987677375476938
0.19625016958350291
0.11260582010582008
0.11793837535014004
0.15370940170940173
0.24520202020202023
0.15587445234504058
0.2075959595959596
0.2882435465768799
0.2676543209876543
0.29567901234567906
0.13999370047164164
0.23232094927835292
0.15594055923726252
0.2845098039215686
0.24745963912630575
0.15083333333333335
0.1758986928104575
0.34673486184597296
0.09436318451469967
0.16944444444444443
0.2766978700312034
0.20055811612629793
0.216482577251808
0.22672534018687868
0.19701561065197426
0.12315843802304151
0.2129997060552616
0.20055646332607116
0.22375
0.19070707070707069
0.25422222222222224
0.2400416301200615
0.1269640522875817
0.07074074074074074
0.26287181539282384
0.17679465596132263
0.21703723155929042
0.24395810955961336
0.2619047619047619
0.25600907029478454
0.22642727642727642
0.2789955835410381
0.19577922077922078
0.2800545006292133
0.2648976948976949
0.09498276886512182
0.23021855905627833
0.23811486181856553
0.1453805453805454
0.16474358974358977
0.18572954822954824
0.1783838383838384
0.11987179487179486
0.19146832770021177
0.17741961741961743
0.1337962962962963
0.38133636788048547
0.2624708624708625
0.1833716739513841
0.0836388521457966
0.26688390313390314
0.20561434450323338
0.1796957671957672
0.17648287385129488
0.19384430384430387
0.19106263194933146
0.19363652868554826
0.1897811447811448
0.15656565656565657
0.17904761904761904
0.3369575383464273
0.2916666666666667
0.3268925518925519
0.18849020661091598
0.24319760101010102
0.2688967274152459
0.2622188437664628
0.1539893234337679
0.14444444444444443
0.1868205868205868
0.15628858024691358
0.17115270350564465
0.12968409586056645
0.1228395061728395
0.13040824915824914
0.875
0.21375661375661376
0.35804407232978663
0.13704212454212453
0.2298611111111111
0.3019607843137255
0.22708333333333333
0.3452910052910053
0.08115138829424544
0.2545966659603023
0.1218342151675485
0.15613275613275612
0.16245866402116402
0.06568542568542567
0.0836052836052836
0.16412460995794328
0.17753968253968253
0.11458333333333333
0.22800925925925927
0.11105514855514854
0.09053497942386832
0.16124061124061123
0.23803751803751805
0.24629629629629626
0.14479166666666668
0.21407647907647906
0.21143939393939395
0.1388723544973545
0.18868181201514533
0.10643939393939394
0.28484848484848485
0.3057407407407407
0.15286799620132954
0.2550396825396825
0.2679012345679012
0.2224146224146224
0.1539218416411399
0.05457850020350022
0.127703373015873
0.20056047347714015
0.12733657059314954
0.09400871459694989
0.1313807947421393
0.24993055555555554
0.18234126984126983
0.28
0.24094344808630522
0.22242063492063494
0.16274804255573486
0.106635185957734
0.14812923656943167
0.18094196248239508
0.14602891661715192
0.17184410127687438
0.0807081807081807
0.1162622151596564
0.3616830065359477
0.12451469359673696
0.17037296037296037
0.21219071052404384
0.1371684704184704
0.308
0.3333333333333333
0.352991452991453
0.7777777777777778
0.1514194139194139
0.12154372860255214
0.12830687830687829
0.10467592592592594
0.11922398589065256
0.22774076746298968
0.3154847081930415
0.20739557510390846
0.30629041740152857
0.31689153439153445
0.2372514830848164
0.14880539021164021
0.15482192704414927
0.2091726348607598
0.14811492371045606
0.15291689431603486
0.1962530525030525
0.18464555052790346
0.29814814814814816
0.10569498910675382
0.15637612158509992
0.19154011117117414
0.17091691377405663
0.17046296296296296
0.1980799399454607
0.1743099647266314
0.14817979071372736
0.1615147198480532
0.19518540785509111
0.2531659432521502
0.2710012210012209
0.18875291375291375
0.188744873360258
0.34717948717948716
0.21974175921544342
0.19634920634920633
0.19885978835978838
0.23898378749255944
0.22838726088726086
0.20213425463425463
0.21341269841269842
0.3130192385961617
0.17965702947845805
0.2689970823072675
0.2888302361219028
0.20325973409306744
0.12885282358966568
0.1204173312068049
0.19984436438981892
0.15718752627843538
0.1409030784030784
0.24780128748990946
0.17139168701668703
0.09537968714055672
0.20995215311004783
0.17193343693343693
0.15064266143213512
0.258259847148736
0.15549142215808884
0.1371350186165001
0.18626984126984128
0.29171626984126986
0.21585536712118988
0.23210808210808206
0.16703743787077116
0.17806277056277056
0.21215062715062713
0.23250661375661377
0.22945326278659614
0.1700657367324034
0.22724426807760137
0.4270429159318048
0.16618165784832453
0.08302028218694886
0.17015525626636738
0.274025974025974
0.1845397430851976
0.2929821733821734
0.2291122211122211
0.20585858585858585
0.2620019436345967
0.304759718396082
0.17459035634455805
0.27977777777777774
0.2637649219467401
0.26316498316498316
0.19161455828122495
0.2651668197122743
0.2744444444444445
0.10328512396694216
0.1780573593073593
0.25749559082892415
0.21764584621727476
0.22409990558138707
0.19168306441033714
0.16149372232705567
0.13225749559082892
0.13580708180708181
0.21769771202138355
0.13084842826019297
0.20587889476778365
0.208630969006786
0.29371717171717177
0.18271164021164019
0.19115315055315055
0.8518518518518519
0.3191414141414141
0.10422307812013694
0.2829641733236504
0.1387894200742498
0.13194444444444445
0.23576238576238576
0.08518518518518518
0.17159007114889466
0.12556317139650475
0.11767195767195768
0.2235675846786958
0.26940175031638447
0.169753626003626
0.8
0.21837547068316296
0.17665277109721556
0.17138939763939767
0.25666666666666665
0.13633364456893868
0.18937728937728937
0.1751851851851852
0.2451178451178451
0.2461279461279461
0.2875457875457875
0.20598653812369921
0.1941278195488722
0.24606812169312167
0.43339285714285714
0.23073593073593074
0.1754978354978355
0.23500000000000001
0.12360501949317737
0.15131733655125468
0.15131733655125468
0.15202808302808304
0.23325102880658438
0.12461988304093569
0.19994708994708996
0.2876492194674013
0.09957145951297998
0.11596257012133039
0.17628837393543276
0.13148148148148148
0.17613412228796843
0.25947358197358195
0.22465780998389692
0.14579475308641976
0.2146825396825397
0.22312169312169314
0.2147738095238095
0.3588002532446977
0.18266856600189932
0.2206437779327805
0.16908289241622576

Average Score: 0.20681009201430678
