0.28339738234475076
0.3335978835978836
0.18288202219236702
0.26933108866442196
0.22165242165242163
0.2503685018685019
0.3140502645502645
0.3333333333333333
0.3315335898669232
0.3813131313131313
0.37037037037037035
0.3804292929292929
0.2338880255546922
0.2700712488145643
0.33833437224040314
0.2779193552019639
0.25761920446703057
0.4059368530020704
0.360074659639877
0.1934053358175146
0.37495133507979356
0.20734961156886292
0.18547077922077923
0.20889827764827765
0.3119312785979453
0.4058879392212726
0.35720164609053495
0.29537037037037034
0.10897119341563787
0.1951116990005879
0.441002886002886
0.3113131313131313
0.28107681755829905
0.3743173416090083
0.37160493827160496
0.23534391534391533
0.17807893752338197
0.2316203703703704
0.39775132275132274
0.23143819143819147
0.20365728715728715
0.2614767585355821
0.2785493827160494
0.23497102544721596
0.26150042087542086
0.3069893378226711
0.22757519532029338
0.2264621523880783
0.3134430727023319
0.2518475351808685
0.28129763754763754
0.38161731430962204
0.264
0.22358308358308357
0.26596707818930043
0.15436753540201817
0.3599988583541215
0.25755892255892254
0.3094017094017094
0.302202380952381
0.2833333333333333
0.2437830687830688
0.29
0.2707359307359307
0.38897446689113363
0.21506172839506174
0.31199014504587264
0.33398036758563077
0.4081380921439401
0.4406651549508693
0.24599441209197306
0.34228395061728395
0.45495409939854387
0.5405830794719684
0.5739984882842025
0.39747675164341834
0.49111888776921453
0.46742080847933715
0.6224794238683128
0.30875050875050875
0.37738289760348587
0.25223093415903874
0.1823599240265907
0.30588025808614044
0.5005511463844797
0.5525925925925926
0.5020370370370372
0.45689786059351273
0.3044145155256267
0.519130291005291
0.42731946574966556
0.278007178007178
0.30641779345483044
0.43078566638422155
0.20164021164021165
0.2559609702466845
0.31732804232804235
0.35537918871252205
0.8666666666666667
0.23154728407485758
0.13180988492263002
0.22955968940282662
0.2556116722783389
0.39518518518518514
0.19741118669690097
0.29820438791801024
0.3139791073124406
0.4828853615520282
0.36605119825708066
0.15670194003527335
0.33983045773551446
0.3285569247192054
0.3952529006537721
0.4756613756613757
0.24461482598737497
0.25387408524663424
0.5078703703703704
0.3694003527336861
0.42839506172839503
0.2632395382395383
0.22177542621987067
0.4
0.4709346733311875
0.29896184062850734
0.22913223445797767
0.45275956997089895
0.1556572797210052
0.23099147083145277
0.3111111111111111
0.3403361194905313
0.3255414036459788
0.24543530543530542
0.3261504368647226
0.2810726310726311
0.6335843169176504
0.19531481481481486
0.34991855631141344
0.2754673721340388
0.2238187738187738
0.22042022792022795
0.584071632071632
0.31605820105820104
0.2872275132275133
0.1932783389450056
0.40506674395563286
0.16311413454270599
0.30241301907968576
0.2775980192646859
0.43040123456790125
0.2228571428571429
0.6393460279973437
0.37037037037037035
0.23986187423687422
0.31317373103087387
0.23641975308641974
0.30162393162393164
0.19969297677631012
0.15718856760523428
0.23137669209097778
0.20446127946127945
0.10453897953897956
0.2875830959164293
0.38322100013276483
0.3419501133786848
0.3244059475877658
0.2904040404040404
0.34408903853348294
0.288030510870017
0.24106481481481482
0.3234187862488516
0.3790613148386738
0.3447405426817192
0.25530923551756884
0.08997732426303855
0.8558196818613485
0.2671031746031746
0.29
0.8518518518518519
0.2037698412698413
0.13140589569161
0.3956908831908832
0.34089282177517477
0.47045177045177045
0.5738095238095239
0.31732804232804235
0.39420533170533173
0.31875423958757293
0.23944444444444446
0.2597111793700488
0.4484676434676434
0.2064814814814815
0.24303694541789783
0.21955042886719905
0.18707818930041156
0.24828120953120955
0.9047619047619048
0.32197547822547823
0.3127899235267656
0.23552154195011338
0.19451058201058202
0.3908796296296296
0.4108087679516251
0.3006172839506173
0.5687533648937158
0.3888888888888889
0.318989898989899
0.32679012345679015
0.37160493827160496
0.3523603380746238
0.34618053951838784
0.3111805442271029
0.3589754835807468
0.3670759938566956
0.375
0.36666666666666664
0.34686872072492986
0.34444444444444444
0.28996913580246914
0.29365079365079366
0.43904189089374274
0.2996656378600823
0.25152610921841695
0.3582178932178932
0.4415925925925926
0.40360154660154657
0.5656775599128541
0.49277777777777776
0.41657667949334615
0.3839454300238614
0.4474641843269294
0.36854186118892
0.31047378547378546
0.27306397306397306
0.3333333333333333
0.21557067271352987
0.44573274107026967
0.3912037037037037
0.2839506172839506
0.8333333333333334
0.2240740740740741
0.3315087844254511
0.2731575317686429
0.2954976175005415
0.4644277057063005
0.48536432036094584
0.45071718586424475
0.42707070707070716
0.2354194847020934
0.8307002286681431
0.30123456790123454
0.3333333333333333
0.4108333333333334
0.3665915504248838
0.3785471781305115
0.39317129629629627
0.46357473544973543
0.21768707482993196
0.4262896825396825
0.7989789829717233
0.46435399395925714
0.38112004548408057
0.5724846839320522
0.47251461988304094
0.4402740130844706
0.28921012849584277
0.3212042224297126
0.3353276353276353
0.3497159975101152
0.39647266313932983
0.1578858024691358
0.2533355533355533
0.3649190315856983
0.1497736625514403
0.18265432098765433
0.3475308641975308
0.2992279942279942
0.4360359883399099
0.4526059822530411
0.4622309813709101
0.341624705749615
0.3254320987654321
0.31703703703703706
0.2506775235346663
0.23386261201076014
0.36089924185162275
0.34119907869907873
0.39995964683464685
0.33649097815764484
0.32930283224400875
0.35185185185185186
0.240981240981241
0.2785984848484849
0.39298332122218765
0.24729344729344732
0.2205840455840456
0.42605982207697896
0.40705128205128205
0.4565535698869032
0.39395101811768485
0.3530864197530864
0.23704070620737286
0.30399423937885484
0.4298976305498045
0.3167388167388167
0.5291666666666667
0.38134199134199137
0.3616137566137566
0.24581640037522393
0.36006003256003255
0.2737654320987654
0.2986171236171236
0.3116923868312757
0.23395833333333335
0.49671932234432237
0.7461738598102234
0.3888888888888889
0.43730158730158736
0.5632716049382717
0.48619684499314136
0.5948888888888889
0.446086256781444
0.3015873015873016
0.3166337935568705
0.4831972789115646
0.24879124579124579
0.43523905723905726
0.28195382395382396
0.3026599326599327
0.49335504002170666
0.38673400673400676
0.5148961840628508
0.4231587301587301
0.5054747474747475
0.44261538461538463
0.5553497942386831
0.45133333333333336
0.22976188891867413
0.3173355245577468
0.2682538012399124
0.3348211001572346
0.33105783105783104
0.3839611006277673
0.32855840147506815
0.254493275424648
0.3996527777777778
0.26503720982887646
0.2414814814814815
0.5344336219336219
0.3556018518518519
0.752565964657468
0.5966735789463062
0.3283147052377822
0.2850810870041639
0.6910986852653518
0.2744107744107744
0.37125945768759777
0.5083333333333333
0.35538720538720536
0.40234635049449863
0.5139022366522367
0.4081388888888889
0.2805555555555556
0.40140759446315
0.2981424354253486
0.24593621866349136
0.27140177632824686
0.36333046349853076
0.26554602517335435
0.29907004084022715
0.33682779209095
0.30586871041416497
0.40153045607591065
0.6013624338624338
0.46969935021405623
0.45359793844881563
0.7523625140291808
0.4574198777902482
0.42635802469135803
0.3936387686387686
0.5359722222222223
0.22664021164021164
0.34346186221186215
0.28693709582598476
0.2994767783656672
0.46856421356421357
0.3181944444444444
0.3051190476190476
0.9346821902377452
0.3716784835534836
0.291397266313933
0.7039550983995431
0.2759259259259259
0.3318048206937096
0.4223244348244348
0.5654761904761905
0.4934979423868313
0.36510264735264736
0.463004884004884
0.3677248677248677
0.48135380172961867
0.5979647898397898
0.4577380952380952
0.5587615933449267
0.40340196840196835
0.32294740102147507
0.4880293427912475
0.45186752890456605
0.6893652071671394
0.651157552536863
0.2710196208112875
0.3020516856880493
0.3248893159309827
0.7777777777777778
0.4919091710758377
0.41091269841269845
0.41970040541469117
0.9523809523809523
0.36618085618085616
0.21168981481481483
0.1655864197530864
0.22722222222222221
0.2768686868686869
0.24393939393939396
0.4240565831474922
0.376604938271605
0.40046832193571325
0.2794733044733045
0.25732689210950077
0.3076094276094276
0.386694478361145
0.34428897028897026
0.5093253968253969
0.6195979401861754
0.2972718253968254
0.9192369540408756
0.4145672999839667
0.29428475228475226
0.753194697257878
0.5569427801984992
0.4180308641975309
0.9113849277084571
0.6996073892519971
0.36287138787138784
0.15808150183150185
0.6604617604617604
0.5262486124986124
0.4987360376249266
0.3780864197530864
0.3129654125024495
0.2685425685425685
0.2800000324203756
0.19255647284813954
0.34053679152637484
0.2622120180916477
0.33033608326371483
0.33008921120032236
0.6040265906932574
0.3033640297906603
0.40558559606178646
0.34836408447519557
0.29736652236652233
0.3546928380261714
0.32495097495097497
0.2761657296951414
0.28018426018426024
0.3558069876251694
0.4368539503343425
0.18865079365079365
0.2670503321763826
0.3002788130862997
0.29423280423280423
0.293980278980279
0.2796581196581197
0.38322870031203365
0.2993342151675485
0.32568866318866324
0.36315192743764174
0.3190476190476191
0.466740152851264
0.3027462121212121
0.3274397413286302
0.41547619047619044
0.27326665315248905
0.310191589161453
0.43836175454532944
0.5169278252611585
0.6041035591587062
0.3421884357069543
0.35544056705821414
0.3513271604938271
0.2933722446803842
0.3096310068532291
0.3658266558783354
0.42583263786967485
0.39614620682934637
0.3661300505050505
0.4755799755799755
0.3292109810628329
0.28
0.35641395641395646
0.33897702515349576
0.3647186147186147
0.27525599642324383
0.32427048260381597
0.38501683501683504
0.34027084027084026
0.38353438309578664
0.3251990628258377
0.2757943364980344
0.364468296897303
0.43225308641975313
0.35428359766595063
0.40334762822507925
0.24671770088436754
0.29126394328775285
1.1984635281892664
0.23610144999033889
0.2691820633977497
0.34467692801026134
0.36011572642525025
0.37910577077243746
0.3391076516076516
0.24985568443901776
0.34454534662867997
0.18116560394338171
0.32602397602397604
0.3494179894179894
0.4206830206830207
0.32656325156325156
0.17531415343915344
0.7680423368842485
0.2674822318204671
0.4970216049382716
0.19366931216931216
0.12628985507246376
0.2633240740740741
0.3260435038212816
0.3549666943606338
0.3597099745247893
0.5
0.3095171957671957
0.3537749287749287
0.3798941798941799
0.32020202020202015
0.2718425513880059
0.222507215007215
0.36019069664903
0.3149747029376659
0.2830808080808081
0.31011463844797177
0.36394500561167226
0.23093869731800767
0.2983414733414733
0.19234808401475068
0.460026455026455
0.3228790065153701
0.38909451659451655
0.311788665879575
0.3670909090909091
0.36848072562358275
0.36523459705277883
0.2958597883597884
0.3153680785445491
0.45395826395826405
0.42595685795685795
0.3466266655155544
0.3732900432900433
0.4345878585352269
0.2762223887223887
0.5009337068160598
0.2657407407407407
0.32063492063492066
0.2276254609587943
0.4223796405614587
0.1863769974881086
0.2558796296296296
0.31236111111111114
0.5505899062963766
0.4327559899489724
0.36128106461439796
0.19867788768754951
0.28818904860571526
0.2968261636377578
0.25396706688373355
0.3154955289458213
0.2829244829244829
0.24061667499167497
0.2442462638076673
0.24705483136049441
0.239917695473251
0.27056277056277056
0.1675925925925926
0.1957648953301127
0.2554933391889914
0.28190931049626705
0.38362888422801283
0.22484637447872746
0.3385308591190944
0.25007407407407406
0.3115468728802062
0.28672953698753495
0.2861456408515232
0.49706416011971566
0.44033836305441243
0.3739837300331128
0.22092601479856383
0.27408294237616876
0.2342695150627415
0.5625925925925925
0.42624946948476355
0.4518582180346886
0.41147613960113966
0.4906695156695157
0.4556603449460592
0.35824915824915826
0.30949074074074073
0.30328335879806473
0.28405530562393305
0.28405530562393305
0.3061367572151886
0.28635911413689186
0.27845238095238095
0.41426961020098274
0.4090861999952909
0.3069980461320331
0.6559423699837643
0.751326654290347
0.49500286085253403
0.3326487991646363
0.46132551512773173
0.331305114638448
0.47367694034360697
0.3676190476190476
0.31376848460181794
0.4391951566951567
0.7970087936754603
0.4317293680256643
0.535894694088474
0.3949211899211899

Average Score: 0.36032123750109507
