1 1.0
2 0.04
3 0.04
4 1.0
5 1.0
6 0.3230769230769231
7 0.3230769230769231
8 0.3230769230769231
9 0.075
10 1.0
11 1.0
12 0.35714285714285715
13 0.35714285714285715
14 0.375
15 1.0
16 1.0
17 0.0308641975308642
18 0.0308641975308642
19 0.043209876543209874
20 0.043209876543209874
21 0.043209876543209874
22 0.19444444444444445
23 0.09999999999999999
24 0.09999999999999999
25 1.0
26 1.0
27 0.125
28 0.125
29 0.125
30 1.0
31 1.0
32 0.0390625
33 0.0390625
34 0.375
35 1.0
36 1.0
37 0.1898148148148148
38 0.1898148148148148
39 0.1898148148148148
40 0.2125
41 1.0
42 1.0
43 0.13125
44 0.16666666666666669
45 1.0
46 1.0
47 1.0
48 1.0
49 1.0
50 1.0
51 0.09722222222222221
52 0.3055555555555556
53 1.0
54 1.0
55 1.0
56 1.0
57 0.2424242424242424
58 0.2424242424242424
59 1.0
60 1.0
61 0.14545454545454548
62 0.14545454545454548
63 0.175
64 0.175
65 1.0
66 1.0
67 1.0
68 1.0
69 1.0
70 1.0
71 1.0
72 1.0
73 1.0
74 1.0
75 0.05555555555555556
76 0.05555555555555556
77 0.08333333333333333
78 0.08333333333333333
79 0.16666666666666669
80 0.16666666666666669
81 1.0
82 1.0
83 1.0
84 1.0
85 1.0
86 1.0
87 0.1736111111111111
88 0.1037037037037037
89 0.1037037037037037
90 0.32727272727272727
91 0.32727272727272727
92 0.3888888888888889
93 0.3888888888888889
94 1.0
95 0.27999999999999997
96 1.0
97 0.1625
98 0.1625
99 1.0
100 1.0
101 0.24553571428571425
102 0.24553571428571425
103 0.13333333333333333
104 0.13333333333333333
105 0.2166666666666667
106 0.03703703703703704
107 1.0
108 1.0
109 1.0
110 0.14285714285714285
111 0.08333333333333333
112 1.0
113 1.0
114 1.0
115 0.075
116 0.075
117 0.075
118 1.0
119 0.13541666666666666
120 1.0
121 1.0
122 1.0
123 0.18571428571428572
124 0.18571428571428572
125 1.0
126 1.0
127 0.2916666666666667
128 0.2916666666666667
129 0.28225108225108225
130 0.28225108225108225
131 0.09821428571428571
132 0.09821428571428571
133 1.0
134 1.0
135 0.35
136 0.35
137 0.0859375
138 0.0859375
139 0.3
140 0.2916666666666667
141 1.0
142 1.0
143 1.0
144 0.09027777777777778
145 0.09027777777777778
146 0.09027777777777778
147 0.24000000000000005
148 0.24000000000000005
149 0.09183673469387754
150 0.09183673469387754
151 1.0
152 0.1388888888888889
153 0.1388888888888889
154 0.1388888888888889
155 1.0
156 1.0
157 0.10743801652892562
158 0.2098765432098766
159 0.2098765432098766
160 1.0
161 1.0
162 1.0
163 0.24500000000000002
164 0.3333333333333333
165 1.0
166 1.0
167 0.07727272727272727
168 0.13125
169 0.13333333333333333
170 0.13333333333333333
171 0.0625
172 0.0625
173 0.0625
174 1.0
175 1.0
176 1.0
177 0.3
178 1.0
179 1.0
180 1.0
181 0.2916666666666667
182 0.2916666666666667
183 0.20159632034632036
184 0.20159632034632036
185 0.20159632034632036
186 0.15769230769230771
187 1.0
188 0.25
189 0.25
190 0.25
191 0.06597222222222222
192 0.06597222222222222
193 0.06597222222222222
194 0.2625
195 0.17592592592592593
196 0.17592592592592593
197 1.0
198 1.0
199 0.0390625
200 0.0390625
201 1.0
202 1.0
203 1.0
204 1.0
205 0.27999999999999997
206 0.27999999999999997
207 0.140625
208 0.140625
209 0.140625
210 0.04
211 1.0
212 1.0
213 1.0
214 1.0
215 0.13555555555555557
216 0.13555555555555557
217 0.13555555555555557
218 0.1259259259259259
219 0.1259259259259259
220 0.3333333333333333
221 0.3333333333333333
222 1.0
223 1.0
224 0.24000000000000005
225 0.24000000000000005
226 1.0
227 0.23214285714285715
228 0.23214285714285715
229 0.23214285714285715
230 0.3125
231 0.3125
232 0.3125
233 1.0
234 1.0
235 0.09375
236 0.09375
237 0.10576923076923078
238 0.10576923076923078
239 1.0
240 1.0
241 0.08333333333333334
242 0.08333333333333334
243 0.08333333333333334
244 0.16666666666666669
245 0.16666666666666669
246 1.0
247 1.0
248 1.0
249 0.13157894736842105
250 0.1517857142857143
251 0.1517857142857143
252 1.0
253 0.35185185185185186
254 0.35185185185185186
255 0.35185185185185186
256 1.0
257 0.225
258 0.225
259 1.0
260 1.0
261 1.0
262 1.0
263 1.0
264 0.4041888073549258
265 1.0
266 1.0
267 1.0
268 1.0
269 1.0
270 0.17832167832167833
271 1.0
272 1.0
273 1.0
274 1.0
275 1.0
276 0.03125
277 0.03125
278 0.20833333333333334
279 0.20833333333333334
280 0.07407407407407408
281 0.07407407407407408
282 0.07407407407407408
283 1.0
284 1.0
285 1.0
286 1.0
287 0.08163265306122448
288 0.08163265306122448
289 0.05555555555555556
290 0.05555555555555556
291 0.05555555555555556
292 0.13333333333333336
293 1.0
294 1.0
295 0.1111111111111111
296 0.1111111111111111
297 0.1111111111111111
298 0.13301587301587303
299 0.13301587301587303
300 0.13301587301587303
301 0.1875
302 1.0
303 1.0
304 0.04
305 0.04
306 0.16666666666666669
307 0.20833333333333334
308 0.20833333333333334
309 0.35714285714285715
310 1.0
311 1.0
312 1.0
313 0.1904761904761905
314 0.15625
315 0.15625
316 0.15625
317 1.0
318 0.125
319 0.23214285714285715
320 1.0
321 0.3
322 0.06043956043956044
323 0.06043956043956044
324 0.07196969696969698
325 1.0
326 1.0
327 0.09722222222222221
328 0.09722222222222221
329 0.09722222222222221
330 0.2028985507246377
331 0.2028985507246377
332 1.0
333 0.15714285714285717
334 0.1388888888888889
335 0.23333333333333334
336 1.0
337 0.125
338 0.125
339 0.35714285714285715
340 0.35714285714285715
341 1.0
342 0.1388888888888889
343 0.1388888888888889
344 0.1388888888888889
345 0.30833333333333335
346 0.30833333333333335
347 0.30833333333333335
348 1.0
349 1.0
350 1.0
351 0.1517857142857143
352 0.26422258297258294
353 0.26422258297258294
354 0.1851851851851852
355 0.04
356 0.04
357 1.0
358 0.16517857142857142
359 1.0
360 1.0
361 1.0
362 0.09183673469387754
363 0.09183673469387754
364 1.0
365 1.0
366 1.0
367 1.0
368 1.0
369 1.0
370 1.0
371 1.0
372 1.0
373 0.25
374 0.25
375 0.03125
376 0.03125
377 1.0
378 1.0
379 1.0
380 0.0703125
381 0.0703125
382 0.25
383 0.25
384 0.1388888888888889
385 0.1388888888888889
386 0.1388888888888889
387 0.3095238095238095
388 1.0
389 0.11666666666666665
390 0.11666666666666665
391 0.32954545454545453
392 0.32954545454545453
393 0.053418803418803416
394 0.053418803418803416
395 1.0
396 0.125
397 1.0
398 1.0
399 0.25
400 0.2375
401 0.09523809523809525
402 0.07142857142857142
403 0.07142857142857142
404 1.0
405 1.0
406 0.22321428571428573
407 0.22321428571428573
408 0.140625
409 0.140625
410 0.11904761904761905
411 0.11904761904761905
412 0.11904761904761905
413 0.25
414 0.25
415 1.0
416 0.1590909090909091
417 0.15
418 0.15
419 0.15
420 1.0
421 1.0
422 0.2638888888888889
423 0.23333333333333334
424 0.23333333333333334
425 0.23333333333333334
426 1.0
427 1.0
428 1.0
429 1.0
430 1.0
431 0.05555555555555555
432 0.05555555555555555
433 1.0
434 1.0
435 0.35714285714285715
436 1.0
437 1.0
438 1.0
439 1.0
440 1.0
441 1.0
442 1.0
443 1.0
444 1.0
445 0.28125
446 0.28125
447 1.0
448 1.0
449 1.0
450 1.0
451 1.0
452 0.3095238095238095
453 0.3095238095238095
454 1.0
455 1.0
456 1.0
457 0.15476190476190474
458 1.0
459 1.0
460 0.15476190476190474
461 0.15476190476190474
462 0.15476190476190474
463 1.0
464 1.0
465 1.0
466 1.0
467 1.0
468 0.1971153846153846
469 0.09895833333333334
470 0.09895833333333334
471 0.09895833333333334
472 0.2
473 0.2
474 1.0
475 1.0
476 1.0
477 0.1851851851851852
478 0.1851851851851852
479 0.23333333333333334
480 0.23333333333333334
481 0.03
482 0.03
483 0.013888888888888886
484 0.1375
485 0.041666666666666664
486 0.041666666666666664
487 0.041666666666666664
488 0.36666666666666664
489 0.16666666666666669
490 0.16666666666666669
491 0.16666666666666669
492 0.06999999999999999
493 1.0
494 1.0
495 1.0
496 1.0
497 1.0
498 1.0
499 0.13333333333333333
500 0.13333333333333333
501 0.13333333333333333
502 0.0934065934065934
503 0.08333333333333334
504 1.0
505 0.35714285714285715
506 0.35714285714285715
507 0.35714285714285715
508 1.0
509 0.06
510 1.0
511 1.0
512 1.0
513 1.0
514 1.0
515 1.0
516 1.0
517 1.0
518 1.0
519 0.030612244897959186
520 0.030612244897959186
521 1.0
522 0.09166666666666667
523 0.27
524 0.27
525 0.09722222222222222
526 0.25335484621198906
527 0.25335484621198906
528 1.0
529 1.0
530 1.0
531 1.0
532 1.0
533 0.14102564102564105
534 0.14102564102564105
535 1.0
536 1.0
537 1.0
538 0.1369047619047619
539 0.1369047619047619
540 0.22321428571428573
541 1.0
542 1.0
543 0.1
544 0.1
545 0.1
546 0.075
547 0.37391774891774887
548 0.37391774891774887
549 0.37391774891774887
550 1.0
551 1.0
552 1.0
553 0.2263157894736842
554 0.2263157894736842
555 0.0390625
556 0.0390625
557 0.0390625
558 0.2809917355371901
559 0.06
560 0.06
561 1.0
562 1.0
563 1.0
564 0.09722222222222221
565 0.09722222222222221
566 1.0
567 1.0
568 0.3541666666666667
569 0.3541666666666667
570 0.09722222222222221
571 0.09722222222222221
572 1.0
573 1.0
574 1.0
575 1.0
576 1.0
577 1.0
578 1.0
579 0.12373737373737374
580 0.16111111111111112
581 0.16111111111111112
582 0.15714285714285717
583 0.15714285714285717
584 1.0
585 1.0
586 1.0
587 1.0
588 1.0
589 0.25555555555555554
590 0.25555555555555554
591 1.0
592 0.3095238095238095
593 0.3095238095238095
594 0.3095238095238095
595 0.3333333333333333
596 0.2678571428571429
597 0.2678571428571429
598 1.0
599 1.0
600 1.0
601 0.13379803675856308
602 1.0
603 0.06999999999999999
604 0.06999999999999999
605 0.06999999999999999
606 0.27999999999999997
607 0.25555555555555554
608 1.0
609 1.0
610 1.0
611 1.0
612 1.0
613 0.25555555555555554
614 0.25555555555555554
615 1.0
616 0.02040816326530612
617 0.02040816326530612
618 1.0
619 1.0
620 1.0
621 1.0
622 1.0
623 1.0
624 0.03703703703703704
625 0.03703703703703704
626 0.03703703703703704
627 1.0
628 0.11458333333333333
629 0.11458333333333333
630 0.0625
631 0.0625
632 0.078125
633 0.078125
634 0.078125
635 0.27999999999999997
636 0.27999999999999997
637 0.27999999999999997
638 1.0
639 1.0
640 0.19999999999999998
641 0.19999999999999998
642 0.16666666666666669
643 0.16666666666666669
644 0.1464285714285714
645 0.1464285714285714
646 0.1464285714285714
647 1.0
648 0.13333333333333333
649 0.2777777777777778
650 0.2777777777777778
651 0.3333333333333333
652 1.0
653 1.0
654 1.0
655 1.0
656 0.08024691358024691
657 0.08024691358024691
658 0.08024691358024691
659 1.0
660 1.0
661 1.0
662 0.10330578512396693
663 0.0308641975308642
664 0.0308641975308642
665 0.019999999999999997
666 0.20833333333333334
667 0.20833333333333334
668 1.0
669 1.0
670 1.0
671 0.24675324675324675
672 1.0
673 1.0
674 1.0
675 0.23333333333333334
676 0.23333333333333334
677 0.2125
678 1.0
679 1.0
680 0.28030303030303033
681 0.28030303030303033
682 1.0
683 0.3
684 1.0
685 1.0
686 1.0
687 1.0
688 0.09375
689 0.09375
690 0.09375
691 0.3
692 0.3
693 0.08641975308641975
694 0.08641975308641975
695 0.3055555555555556
696 0.14351851851851852
697 0.14351851851851852
698 1.0
699 0.325
700 0.325
701 1.0
702 1.0
703 1.0
704 1.0
705 1.0
706 1.0
707 1.0
708 1.0
709 0.24000000000000005
710 0.24000000000000005
711 0.3095238095238095
712 0.06632653061224489
713 0.06632653061224489
714 0.06632653061224489
715 0.04
716 0.04
717 0.04
718 1.0
719 1.0

Avg. value is: 0.3113820444805632
