1 0.35714285714285715
2 0.019999999999999997
3 0.019999999999999997
4 1.0
5 1.0
6 1.0
7 1.0
8 1.0
9 0.27
10 1.0
11 1.0
12 1.0
13 1.0
14 0.375
15 1.0
16 1.0
17 0.2777777777777778
18 0.2777777777777778
19 0.13492063492063494
20 0.13492063492063494
21 0.13492063492063494
22 1.0
23 0.1875
24 0.1875
25 1.0
26 1.0
27 0.125
28 0.125
29 0.125
30 1.0
31 1.0
32 0.2125
33 0.2125
34 1.0
35 0.4
36 0.4
37 0.30833333333333335
38 0.30833333333333335
39 0.30833333333333335
40 0.375
41 1.0
42 1.0
43 1.0
44 0.35714285714285715
45 1.0
46 1.0
47 1.0
48 1.0
49 1.0
50 1.0
51 0.25
52 1.0
53 1.0
54 1.0
55 1.0
56 1.0
57 0.37878787878787884
58 0.37878787878787884
59 1.0
60 1.0
61 0.17045454545454544
62 0.17045454545454544
63 0.25
64 0.25
65 1.0
66 1.0
67 1.0
68 1.0
69 1.0
70 1.0
71 1.0
72 1.0
73 1.0
74 1.0
75 1.0
76 1.0
77 0.09722222222222221
78 0.09722222222222221
79 1.0
80 1.0
81 1.0
82 1.0
83 1.0
84 1.0
85 1.0
86 1.0
87 0.23737373737373732
88 0.09027777777777778
89 0.09027777777777778
90 0.36363636363636365
91 0.36363636363636365
92 0.3888888888888889
93 0.3888888888888889
94 1.0
95 1.0
96 1.0
97 0.2115384615384615
98 0.2115384615384615
99 1.0
100 1.0
101 0.2625
102 0.2625
103 0.2777777777777778
104 0.2777777777777778
105 0.325
106 1.0
107 1.0
108 1.0
109 1.0
110 0.23214285714285715
111 0.16666666666666666
112 1.0
113 1.0
114 1.0
115 0.17857142857142855
116 0.17857142857142855
117 0.17857142857142855
118 1.0
119 1.0
120 1.0
121 1.0
122 1.0
123 1.0
124 1.0
125 1.0
126 1.0
127 1.0
128 1.0
129 1.0
130 1.0
131 0.19791666666666666
132 0.19791666666666666
133 1.0
134 1.0
135 0.3125
136 0.3125
137 0.1875
138 0.1875
139 1.0
140 1.0
141 1.0
142 1.0
143 1.0
144 1.0
145 1.0
146 1.0
147 0.3
148 0.3
149 0.08163265306122448
150 0.08163265306122448
151 1.0
152 0.3888888888888889
153 0.3888888888888889
154 0.3888888888888889
155 1.0
156 1.0
157 0.2792207792207792
158 0.19945987654320993
159 0.19945987654320993
160 1.0
161 1.0
162 1.0
163 0.24500000000000002
164 0.3333333333333333
165 1.0
166 1.0
167 0.4090909090909091
168 1.0
169 1.0
170 1.0
171 1.0
172 1.0
173 1.0
174 1.0
175 1.0
176 1.0
177 1.0
178 1.0
179 1.0
180 1.0
181 0.3888888888888889
182 0.3888888888888889
183 0.12613636363636363
184 0.12613636363636363
185 0.12613636363636363
186 0.36666666666666664
187 1.0
188 0.3333333333333333
189 0.3333333333333333
190 0.3333333333333333
191 0.2380952380952381
192 0.2380952380952381
193 0.2380952380952381
194 0.2625
195 0.3333333333333333
196 0.3333333333333333
197 1.0
198 0.325
199 0.08928571428571429
200 0.08928571428571429
201 1.0
202 1.0
203 1.0
204 1.0
205 1.0
206 1.0
207 0.20833333333333334
208 0.20833333333333334
209 0.20833333333333334
210 0.2
211 1.0
212 0.27999999999999997
213 0.27999999999999997
214 1.0
215 0.21676470588235291
216 0.21676470588235291
217 0.21676470588235291
218 0.18253968253968253
219 0.18253968253968253
220 0.375
221 0.375
222 1.0
223 1.0
224 1.0
225 1.0
226 1.0
227 0.2857142857142857
228 0.2857142857142857
229 0.2857142857142857
230 1.0
231 1.0
232 1.0
233 1.0
234 1.0
235 0.28125
236 0.28125
237 0.2
238 0.2
239 1.0
240 1.0
241 1.0
242 1.0
243 1.0
244 1.0
245 1.0
246 1.0
247 1.0
248 1.0
249 0.20075757575757577
250 0.20833333333333334
251 0.20833333333333334
252 1.0
253 1.0
254 1.0
255 1.0
256 1.0
257 1.0
258 1.0
259 1.0
260 1.0
261 0.3888888888888889
262 1.0
263 1.0
264 1.0
265 0.42857142857142855
266 0.42857142857142855
267 1.0
268 1.0
269 1.0
270 1.0
271 1.0
272 1.0
273 1.0
274 1.0
275 1.0
276 1.0
277 1.0
278 1.0
279 1.0
280 0.2916666666666667
281 0.2916666666666667
282 0.2916666666666667
283 1.0
284 1.0
285 1.0
286 1.0
287 0.2857142857142857
288 0.2857142857142857
289 1.0
290 1.0
291 1.0
292 0.3333333333333333
293 1.0
294 1.0
295 0.3888888888888889
296 0.3888888888888889
297 0.3888888888888889
298 0.325
299 0.325
300 0.325
301 0.3125
302 1.0
303 1.0
304 0.3
305 0.3
306 0.16666666666666669
307 0.2777777777777778
308 0.2777777777777778
309 1.0
310 1.0
311 1.0
312 1.0
313 1.0
314 0.3333333333333333
315 0.3333333333333333
316 0.3333333333333333
317 1.0
318 0.0625
319 1.0
320 1.0
321 0.22727272727272727
322 0.4047619047619047
323 0.4047619047619047
324 1.0
325 1.0
326 1.0
327 0.18333333333333335
328 0.18333333333333335
329 0.18333333333333335
330 0.04664855072463768
331 0.04664855072463768
332 1.0
333 1.0
334 0.24444444444444446
335 1.0
336 1.0
337 1.0
338 1.0
339 0.35714285714285715
340 0.35714285714285715
341 1.0
342 0.19444444444444445
343 0.19444444444444445
344 0.19444444444444445
345 0.4166666666666667
346 0.4166666666666667
347 0.4166666666666667
348 1.0
349 1.0
350 1.0
351 0.265625
352 0.375
353 0.375
354 0.36921296296296297
355 1.0
356 1.0
357 1.0
358 0.375
359 1.0
360 1.0
361 1.0
362 0.14285714285714285
363 0.14285714285714285
364 1.0
365 1.0
366 1.0
367 1.0
368 1.0
369 1.0
370 1.0
371 1.0
372 1.0
373 0.25
374 0.25
375 1.0
376 1.0
377 1.0
378 1.0
379 1.0
380 0.0390625
381 0.0390625
382 1.0
383 1.0
384 0.23148148148148145
385 0.23148148148148145
386 0.23148148148148145
387 1.0
388 1.0
389 1.0
390 1.0
391 1.0
392 1.0
393 0.12286324786324787
394 0.12286324786324787
395 1.0
396 0.055555555555555546
397 1.0
398 1.0
399 1.0
400 0.375
401 1.0
402 0.24107142857142858
403 0.24107142857142858
404 1.0
405 1.0
406 0.35714285714285715
407 0.35714285714285715
408 0.17613636363636365
409 0.17613636363636365
410 1.0
411 1.0
412 1.0
413 1.0
414 1.0
415 1.0
416 1.0
417 0.3
418 0.3
419 0.3
420 1.0
421 1.0
422 1.0
423 1.0
424 1.0
425 1.0
426 1.0
427 1.0
428 1.0
429 1.0
430 1.0
431 0.1984126984126984
432 0.1984126984126984
433 1.0
434 1.0
435 0.3095238095238095
436 1.0
437 1.0
438 1.0
439 1.0
440 1.0
441 1.0
442 1.0
443 1.0
444 1.0
445 0.225
446 0.225
447 1.0
448 1.0
449 1.0
450 1.0
451 1.0
452 1.0
453 1.0
454 1.0
455 1.0
456 1.0
457 0.35714285714285715
458 1.0
459 1.0
460 1.0
461 1.0
462 1.0
463 1.0
464 1.0
465 1.0
466 1.0
467 1.0
468 0.0
469 0.19114583333333335
470 0.19114583333333335
471 0.19114583333333335
472 0.375
473 0.375
474 1.0
475 1.0
476 1.0
477 0.29497354497354494
478 0.29497354497354494
479 1.0
480 1.0
481 0.4
482 0.4
483 0.10357142857142858
484 0.11875
485 0.3333333333333333
486 0.3333333333333333
487 0.3333333333333333
488 1.0
489 0.2285714285714286
490 0.2285714285714286
491 0.2285714285714286
492 0.17272727272727276
493 0.25
494 0.25
495 0.25
496 1.0
497 1.0
498 1.0
499 0.2777777777777778
500 0.2777777777777778
501 0.2777777777777778
502 0.23015873015873017
503 1.0
504 1.0
505 0.35714285714285715
506 0.35714285714285715
507 0.35714285714285715
508 1.0
509 0.2
510 1.0
511 1.0
512 1.0
513 1.0
514 1.0
515 1.0
516 1.0
517 1.0
518 1.0
519 1.0
520 1.0
521 1.0
522 0.2222222222222222
523 1.0
524 1.0
525 1.0
526 0.23873626373626375
527 0.23873626373626375
528 1.0
529 1.0
530 1.0
531 1.0
532 0.25
533 0.25925925925925924
534 0.25925925925925924
535 1.0
536 1.0
537 1.0
538 0.35714285714285715
539 0.35714285714285715
540 1.0
541 1.0
542 1.0
543 1.0
544 1.0
545 1.0
546 0.35
547 0.23214285714285715
548 0.23214285714285715
549 0.23214285714285715
550 1.0
551 1.0
552 1.0
553 0.15714285714285714
554 0.15714285714285714
555 1.0
556 1.0
557 1.0
558 0.32954545454545453
559 0.04
560 0.04
561 1.0
562 1.0
563 1.0
564 0.25
565 0.25
566 1.0
567 1.0
568 1.0
569 1.0
570 0.2545454545454546
571 0.2545454545454546
572 1.0
573 1.0
574 1.0
575 1.0
576 1.0
577 1.0
578 1.0
579 1.0
580 0.36666666666666664
581 0.36666666666666664
582 0.14285714285714285
583 0.14285714285714285
584 1.0
585 1.0
586 1.0
587 1.0
588 1.0
589 1.0
590 1.0
591 1.0
592 0.35714285714285715
593 0.35714285714285715
594 0.35714285714285715
595 1.0
596 1.0
597 1.0
598 1.0
599 1.0
600 1.0
601 1.0
602 1.0
603 0.11499999999999999
604 0.11499999999999999
605 0.11499999999999999
606 1.0
607 1.0
608 1.0
609 1.0
610 1.0
611 1.0
612 1.0
613 0.2916666666666667
614 0.2916666666666667
615 1.0
616 0.31428571428571433
617 0.31428571428571433
618 1.0
619 1.0
620 1.0
621 1.0
622 1.0
623 1.0
624 0.3055555555555556
625 0.3055555555555556
626 0.3055555555555556
627 1.0
628 1.0
629 1.0
630 1.0
631 1.0
632 0.1875
633 0.1875
634 0.1875
635 0.4
636 0.4
637 0.4
638 1.0
639 1.0
640 1.0
641 1.0
642 1.0
643 1.0
644 0.1
645 0.1
646 0.1
647 0.12083333333333332
648 0.24444444444444446
649 1.0
650 1.0
651 0.3333333333333333
652 1.0
653 1.0
654 1.0
655 1.0
656 0.3333333333333333
657 0.3333333333333333
658 0.3333333333333333
659 1.0
660 1.0
661 1.0
662 1.0
663 0.11458333333333333
664 0.11458333333333333
665 1.0
666 0.3333333333333333
667 0.3333333333333333
668 1.0
669 1.0
670 1.0
671 0.2727272727272727
672 1.0
673 1.0
674 1.0
675 1.0
676 1.0
677 0.3333333333333333
678 1.0
679 1.0
680 1.0
681 1.0
682 1.0
683 1.0
684 1.0
685 0.18308080808080807
686 0.18308080808080807
687 0.18308080808080807
688 0.0234375
689 0.0234375
690 0.0234375
691 0.34568627450980394
692 0.34568627450980394
693 1.0
694 1.0
695 1.0
696 0.3333333333333333
697 0.3333333333333333
698 1.0
699 0.375
700 0.375
701 1.0
702 1.0
703 1.0
704 1.0
705 1.0
706 1.0
707 1.0
708 1.0
709 1.0
710 1.0
711 1.0
712 1.0
713 1.0
714 1.0
715 0.3
716 0.3
717 0.3
718 1.0
719 1.0

Avg. value is: 0.6984719304471398
