1 1.0
2 0.2125
3 0.2125
4 1.0
5 1.0
6 1.0
7 1.0
8 1.0
9 0.15555555555555556
10 1.0
11 1.0
12 1.0
13 1.0
14 0.375
15 1.0
16 1.0
17 0.3055555555555556
18 0.3055555555555556
19 0.13194444444444445
20 0.13194444444444445
21 0.13194444444444445
22 0.35185185185185186
23 0.191358024691358
24 0.191358024691358
25 1.0
26 1.0
27 0.0625
28 0.0625
29 0.0625
30 1.0
31 1.0
32 0.2125
33 0.2125
34 0.26785714285714285
35 0.4
36 0.4
37 0.26785714285714285
38 0.26785714285714285
39 0.26785714285714285
40 0.375
41 1.0
42 1.0
43 0.175
44 0.35714285714285715
45 0.3888888888888889
46 1.0
47 1.0
48 1.0
49 1.0
50 1.0
51 0.013888888888888886
52 1.0
53 1.0
54 1.0
55 1.0
56 1.0
57 0.3409090909090909
58 0.3409090909090909
59 1.0
60 1.0
61 0.18686868686868685
62 0.18686868686868685
63 0.125
64 0.125
65 1.0
66 1.0
67 1.0
68 1.0
69 1.0
70 1.0
71 1.0
72 1.0
73 0.3333333333333333
74 0.3333333333333333
75 1.0
76 1.0
77 0.2777777777777778
78 0.2777777777777778
79 0.3095238095238095
80 0.3095238095238095
81 1.0
82 1.0
83 1.0
84 1.0
85 1.0
86 1.0
87 0.23015873015873012
88 0.3055555555555556
89 0.3055555555555556
90 0.3409090909090909
91 0.3409090909090909
92 0.3888888888888889
93 0.3888888888888889
94 1.0
95 0.27999999999999997
96 0.2625
97 0.3125
98 0.3125
99 0.35185185185185186
100 0.35185185185185186
101 0.19791666666666669
102 0.19791666666666669
103 0.13333333333333333
104 0.13333333333333333
105 0.35
106 1.0
107 1.0
108 1.0
109 1.0
110 0.35714285714285715
111 0.11666666666666665
112 1.0
113 1.0
114 1.0
115 0.31
116 0.31
117 0.31
118 1.0
119 0.3333333333333333
120 0.3333333333333333
121 0.3333333333333333
122 1.0
123 0.35714285714285715
124 0.35714285714285715
125 1.0
126 1.0
127 0.3888888888888889
128 0.3888888888888889
129 0.28787878787878785
130 0.28787878787878785
131 1.0
132 1.0
133 1.0
134 1.0
135 0.4
136 0.4
137 0.2625
138 0.2625
139 1.0
140 1.0
141 1.0
142 1.0
143 0.35714285714285715
144 0.35185185185185186
145 0.35185185185185186
146 0.35185185185185186
147 0.3
148 0.3
149 0.10204081632653061
150 0.10204081632653061
151 1.0
152 1.0
153 1.0
154 1.0
155 1.0
156 0.35714285714285715
157 0.36363636363636365
158 0.2932098765432099
159 0.2932098765432099
160 1.0
161 1.0
162 1.0
163 0.3
164 0.3333333333333333
165 1.0
166 1.0
167 0.32954545454545453
168 0.4
169 0.13333333333333333
170 0.13333333333333333
171 1.0
172 1.0
173 1.0
174 1.0
175 0.35714285714285715
176 0.35714285714285715
177 1.0
178 1.0
179 1.0
180 1.0
181 0.06944444444444445
182 0.06944444444444445
183 0.18076298701298704
184 0.18076298701298704
185 0.18076298701298704
186 0.1625
187 1.0
188 0.25
189 0.25
190 0.25
191 0.21354166666666666
192 0.21354166666666666
193 0.21354166666666666
194 1.0
195 0.23333333333333334
196 0.23333333333333334
197 1.0
198 0.3311574074074074
199 1.0
200 1.0
201 1.0
202 1.0
203 1.0
204 1.0
205 0.36666666666666664
206 0.36666666666666664
207 0.1517857142857143
208 0.1517857142857143
209 0.1517857142857143
210 0.2
211 1.0
212 1.0
213 1.0
214 1.0
215 0.1
216 0.1
217 0.1
218 0.30110794555238996
219 0.30110794555238996
220 0.3333333333333333
221 0.3333333333333333
222 1.0
223 1.0
224 0.3
225 0.3
226 1.0
227 0.08333333333333333
228 0.08333333333333333
229 0.08333333333333333
230 1.0
231 1.0
232 1.0
233 1.0
234 1.0
235 0.09375
236 0.09375
237 1.0
238 1.0
239 1.0
240 1.0
241 0.27999999999999997
242 0.27999999999999997
243 0.27999999999999997
244 0.375
245 0.375
246 0.3333333333333333
247 0.3409090909090909
248 0.3409090909090909
249 0.4090909090909091
250 0.15625
251 0.15625
252 1.0
253 0.024691358024691357
254 0.024691358024691357
255 0.024691358024691357
256 1.0
257 1.0
258 1.0
259 0.31
260 0.31
261 0.35185185185185186
262 1.0
263 1.0
264 0.40148809523809526
265 1.0
266 1.0
267 1.0
268 1.0
269 1.0
270 0.11616161616161615
271 0.28125
272 0.28125
273 1.0
274 1.0
275 1.0
276 1.0
277 1.0
278 0.3333333333333333
279 0.3333333333333333
280 0.0308641975308642
281 0.0308641975308642
282 0.0308641975308642
283 1.0
284 1.0
285 1.0
286 1.0
287 0.2857142857142857
288 0.2857142857142857
289 1.0
290 1.0
291 1.0
292 0.31481481481481477
293 1.0
294 1.0
295 0.3888888888888889
296 0.3888888888888889
297 0.3888888888888889
298 0.36666666666666664
299 0.36666666666666664
300 0.36666666666666664
301 1.0
302 1.0
303 1.0
304 0.125
305 0.125
306 0.375
307 1.0
308 1.0
309 0.2857142857142857
310 0.24074074074074078
311 1.0
312 1.0
313 0.1904761904761905
314 0.3333333333333333
315 0.3333333333333333
316 0.3333333333333333
317 0.23333333333333334
318 1.0
319 1.0
320 0.28125
321 0.268939393939394
322 1.0
323 1.0
324 1.0
325 1.0
326 1.0
327 0.25
328 0.25
329 0.25
330 0.10914855072463768
331 0.10914855072463768
332 1.0
333 0.3095238095238095
334 0.3055555555555556
335 1.0
336 0.3333333333333333
337 0.33966861598440545
338 0.33966861598440545
339 1.0
340 1.0
341 1.0
342 0.2833333333333333
343 0.2833333333333333
344 0.2833333333333333
345 0.3333333333333333
346 0.3333333333333333
347 0.3333333333333333
348 1.0
349 1.0
350 1.0
351 0.2890625
352 0.1535443722943723
353 0.1535443722943723
354 0.2708333333333333
355 0.4
356 0.4
357 0.28125
358 0.2125
359 1.0
360 1.0
361 1.0
362 0.04081632653061224
363 0.04081632653061224
364 1.0
365 1.0
366 1.0
367 1.0
368 1.0
369 1.0
370 1.0
371 1.0
372 1.0
373 0.25
374 0.25
375 0.03125
376 0.03125
377 1.0
378 1.0
379 1.0
380 0.0703125
381 0.0703125
382 0.2777777777777778
383 0.2777777777777778
384 0.3055555555555556
385 0.3055555555555556
386 0.3055555555555556
387 1.0
388 0.2777777777777778
389 0.3333333333333333
390 0.3333333333333333
391 0.29090909090909095
392 0.29090909090909095
393 0.12286324786324787
394 0.12286324786324787
395 1.0
396 0.25
397 1.0
398 1.0
399 0.2857142857142857
400 0.09753787878787878
401 1.0
402 0.14285714285714285
403 0.14285714285714285
404 0.35714285714285715
405 0.35714285714285715
406 0.35714285714285715
407 0.35714285714285715
408 0.25
409 0.25
410 0.18571428571428572
411 0.18571428571428572
412 0.18571428571428572
413 0.3333333333333333
414 0.3333333333333333
415 1.0
416 0.2545454545454545
417 0.3
418 0.3
419 0.3
420 1.0
421 1.0
422 0.4166666666666667
423 1.0
424 1.0
425 1.0
426 1.0
427 1.0
428 1.0
429 1.0
430 0.10714285714285715
431 0.23333333333333334
432 0.23333333333333334
433 1.0
434 1.0
435 0.11904761904761905
436 1.0
437 1.0
438 1.0
439 1.0
440 1.0
441 1.0
442 1.0
443 1.0
444 1.0
445 0.3333333333333333
446 0.3333333333333333
447 1.0
448 1.0
449 1.0
450 1.0
451 1.0
452 1.0
453 1.0
454 1.0
455 1.0
456 1.0
457 0.23214285714285715
458 1.0
459 1.0
460 1.0
461 1.0
462 1.0
463 0.28125
464 0.28125
465 0.28125
466 0.2
467 0.2
468 0.1875
469 0.059895833333333336
470 0.059895833333333336
471 0.059895833333333336
472 0.375
473 0.375
474 1.0
475 1.0
476 1.0
477 0.3055555555555556
478 0.3055555555555556
479 0.23333333333333334
480 0.23333333333333334
481 0.35
482 0.35
483 0.20833333333333334
484 0.16666666666666669
485 0.3333333333333333
486 0.3333333333333333
487 0.3333333333333333
488 0.27999999999999997
489 0.25
490 0.25
491 0.25
492 0.11666666666666667
493 1.0
494 1.0
495 1.0
496 1.0
497 1.0
498 1.0
499 0.13333333333333333
500 0.13333333333333333
501 0.13333333333333333
502 0.15476190476190474
503 1.0
504 1.0
505 1.0
506 1.0
507 1.0
508 1.0
509 1.0
510 1.0
511 1.0
512 1.0
513 0.35714285714285715
514 0.35714285714285715
515 1.0
516 1.0
517 1.0
518 1.0
519 0.3095238095238095
520 0.3095238095238095
521 1.0
522 0.08333333333333333
523 0.31
524 0.31
525 1.0
526 0.33430722716437
527 0.33430722716437
528 0.18571428571428572
529 0.18571428571428572
530 1.0
531 1.0
532 0.25
533 0.35185185185185186
534 0.35185185185185186
535 0.3333333333333333
536 0.3333333333333333
537 0.3333333333333333
538 0.10204081632653061
539 0.10204081632653061
540 1.0
541 0.3333333333333333
542 0.3333333333333333
543 0.12
544 0.12
545 0.12
546 1.0
547 0.3095238095238095
548 0.3095238095238095
549 0.3095238095238095
550 0.3
551 0.3
552 1.0
553 0.2
554 0.2
555 0.225
556 0.225
557 0.225
558 0.30000000000000004
559 0.23333333333333334
560 0.23333333333333334
561 0.3095238095238095
562 0.3095238095238095
563 0.3095238095238095
564 0.18333333333333335
565 0.18333333333333335
566 1.0
567 1.0
568 1.0
569 1.0
570 0.38128507295173963
571 0.38128507295173963
572 1.0
573 1.0
574 1.0
575 1.0
576 0.15
577 1.0
578 1.0
579 0.21074380165289258
580 0.27
581 0.27
582 0.21428571428571427
583 0.21428571428571427
584 1.0
585 1.0
586 1.0
587 1.0
588 1.0
589 1.0
590 1.0
591 1.0
592 1.0
593 1.0
594 1.0
595 1.0
596 1.0
597 1.0
598 1.0
599 1.0
600 1.0
601 0.2777777777777778
602 1.0
603 0.25833333333333336
604 0.25833333333333336
605 0.25833333333333336
606 0.4
607 1.0
608 1.0
609 1.0
610 1.0
611 1.0
612 1.0
613 1.0
614 1.0
615 0.05555555555555556
616 0.10317460317460318
617 0.10317460317460318
618 1.0
619 1.0
620 1.0
621 1.0
622 1.0
623 1.0
624 0.3888888888888889
625 0.3888888888888889
626 0.3888888888888889
627 1.0
628 0.3333333333333333
629 0.3333333333333333
630 0.4166666666666667
631 0.4166666666666667
632 0.14285714285714285
633 0.14285714285714285
634 0.14285714285714285
635 0.31
636 0.31
637 0.31
638 1.0
639 1.0
640 0.3333333333333333
641 0.3333333333333333
642 1.0
643 1.0
644 0.325
645 0.325
646 0.325
647 1.0
648 0.32407407407407407
649 1.0
650 1.0
651 0.25
652 1.0
653 1.0
654 1.0
655 0.3888888888888889
656 0.2888888888888889
657 0.2888888888888889
658 0.2888888888888889
659 1.0
660 1.0
661 1.0
662 1.0
663 0.35185185185185186
664 0.35185185185185186
665 1.0
666 0.3333333333333333
667 0.3333333333333333
668 1.0
669 1.0
670 1.0
671 0.24675324675324675
672 1.0
673 1.0
674 1.0
675 0.23333333333333334
676 0.23333333333333334
677 0.19791666666666666
678 1.0
679 1.0
680 1.0
681 1.0
682 1.0
683 1.0
684 1.0
685 0.2569444444444444
686 0.2569444444444444
687 0.2569444444444444
688 0.375
689 0.375
690 0.375
691 1.0
692 1.0
693 0.3888888888888889
694 0.3888888888888889
695 0.2888888888888889
696 0.3333333333333333
697 0.3333333333333333
698 1.0
699 0.3125
700 0.3125
701 1.0
702 1.0
703 1.0
704 1.0
705 1.0
706 1.0
707 1.0
708 1.0
709 0.3
710 0.3
711 0.3095238095238095
712 0.23214285714285715
713 0.23214285714285715
714 0.23214285714285715
715 0.2
716 0.2
717 0.2
718 1.0
719 1.0

Avg. value is: 0.5953561625905628
