1 1.0
2 0.24166666666666664
3 0.24166666666666664
4 1.0
5 1.0
6 1.0
7 1.0
8 1.0
9 0.3666666666666666
10 1.0
11 1.0
12 1.0
13 1.0
14 1.0
15 1.0
16 1.0
17 1.0
18 1.0
19 1.0
20 1.0
21 1.0
22 1.0
23 0.2431284797869766
24 0.2431284797869766
25 1.0
26 1.0
27 0.125
28 0.125
29 0.125
30 1.0
31 1.0
32 1.0
33 1.0
34 1.0
35 1.0
36 1.0
37 0.34876543209876537
38 0.34876543209876537
39 0.34876543209876537
40 1.0
41 1.0
42 1.0
43 1.0
44 1.0
45 1.0
46 1.0
47 1.0
48 1.0
49 1.0
50 1.0
51 0.2976190476190476
52 1.0
53 1.0
54 1.0
55 1.0
56 1.0
57 1.0
58 1.0
59 1.0
60 1.0
61 0.2853535353535354
62 0.2853535353535354
63 0.175
64 0.175
65 1.0
66 1.0
67 1.0
68 1.0
69 1.0
70 1.0
71 1.0
72 1.0
73 1.0
74 1.0
75 1.0
76 1.0
77 0.25
78 0.25
79 0.2857142857142857
80 0.2857142857142857
81 1.0
82 1.0
83 1.0
84 1.0
85 1.0
86 1.0
87 0.27777777777777773
88 0.35555555555555557
89 0.35555555555555557
90 1.0
91 1.0
92 0.35555555555555557
93 0.35555555555555557
94 1.0
95 1.0
96 1.0
97 0.4
98 0.4
99 1.0
100 1.0
101 0.25
102 0.25
103 0.2222222222222222
104 0.2222222222222222
105 0.31
106 1.0
107 0.3333333333333333
108 0.3333333333333333
109 1.0
110 0.22457884097035044
111 1.0
112 1.0
113 1.0
114 1.0
115 0.15909090909090912
116 0.15909090909090912
117 0.15909090909090912
118 1.0
119 1.0
120 1.0
121 1.0
122 1.0
123 1.0
124 1.0
125 1.0
126 1.0
127 1.0
128 1.0
129 1.0
130 1.0
131 1.0
132 1.0
133 1.0
134 1.0
135 0.4
136 0.4
137 0.375
138 0.375
139 1.0
140 1.0
141 1.0
142 1.0
143 0.35714285714285715
144 1.0
145 1.0
146 1.0
147 0.2
148 0.2
149 0.1904761904761905
150 0.1904761904761905
151 1.0
152 1.0
153 1.0
154 1.0
155 1.0
156 1.0
157 1.0
158 0.2098765432098766
159 0.2098765432098766
160 1.0
161 1.0
162 1.0
163 0.2033333333333333
164 0.3333333333333333
165 0.25
166 0.25
167 0.13636363636363635
168 0.3
169 1.0
170 1.0
171 1.0
172 1.0
173 1.0
174 1.0
175 1.0
176 1.0
177 1.0
178 1.0
179 1.0
180 1.0
181 0.3888888888888889
182 0.3888888888888889
183 0.375
184 0.375
185 0.375
186 0.2777777777777778
187 1.0
188 1.0
189 1.0
190 1.0
191 1.0
192 1.0
193 1.0
194 1.0
195 0.23333333333333334
196 0.23333333333333334
197 1.0
198 0.26
199 0.375
200 0.375
201 1.0
202 1.0
203 1.0
204 1.0
205 1.0
206 1.0
207 0.375
208 0.375
209 0.375
210 0.125
211 1.0
212 1.0
213 1.0
214 1.0
215 0.1
216 0.1
217 0.1
218 0.3888888888888889
219 0.3888888888888889
220 1.0
221 1.0
222 1.0
223 1.0
224 1.0
225 1.0
226 1.0
227 0.25
228 0.25
229 0.25
230 1.0
231 1.0
232 1.0
233 1.0
234 1.0
235 1.0
236 1.0
237 0.3333333333333333
238 0.3333333333333333
239 1.0
240 1.0
241 1.0
242 1.0
243 1.0
244 0.22499999999999998
245 0.22499999999999998
246 0.4166666666666667
247 1.0
248 1.0
249 0.2727272727272727
250 0.3125
251 0.3125
252 1.0
253 0.3888888888888889
254 0.3888888888888889
255 0.3888888888888889
256 1.0
257 1.0
258 1.0
259 1.0
260 1.0
261 1.0
262 1.0
263 1.0
264 1.0
265 1.0
266 1.0
267 1.0
268 1.0
269 1.0
270 0.3409090909090909
271 1.0
272 1.0
273 1.0
274 1.0
275 1.0
276 1.0
277 1.0
278 1.0
279 1.0
280 0.1746031746031746
281 0.1746031746031746
282 0.1746031746031746
283 1.0
284 0.3333333333333333
285 0.3333333333333333
286 0.25
287 0.2857142857142857
288 0.2857142857142857
289 1.0
290 1.0
291 1.0
292 0.30158730158730157
293 1.0
294 1.0
295 0.35833333333333317
296 0.35833333333333317
297 0.35833333333333317
298 0.36666666666666664
299 0.36666666666666664
300 0.36666666666666664
301 0.3375
302 1.0
303 1.0
304 1.0
305 1.0
306 0.375
307 1.0
308 1.0
309 0.35714285714285715
310 1.0
311 1.0
312 1.0
313 1.0
314 0.3333333333333333
315 0.3333333333333333
316 0.3333333333333333
317 1.0
318 1.0
319 0.29166666666666663
320 1.0
321 0.3181818181818182
322 1.0
323 1.0
324 0.4166666666666667
325 1.0
326 1.0
327 0.25
328 0.25
329 0.25
330 0.2383152173913043
331 0.2383152173913043
332 1.0
333 0.2857142857142857
334 0.3888888888888889
335 1.0
336 0.25
337 1.0
338 1.0
339 0.32653061224489793
340 0.32653061224489793
341 1.0
342 0.21702474480252254
343 0.21702474480252254
344 0.21702474480252254
345 1.0
346 1.0
347 1.0
348 1.0
349 1.0
350 1.0
351 0.2946428571428571
352 0.3982216466131907
353 0.3982216466131907
354 0.3077861952861953
355 1.0
356 1.0
357 0.375
358 0.3124999999999999
359 1.0
360 1.0
361 1.0
362 0.22321428571428573
363 0.22321428571428573
364 1.0
365 1.0
366 1.0
367 1.0
368 1.0
369 1.0
370 1.0
371 1.0
372 1.0
373 1.0
374 1.0
375 0.09885057471264368
376 0.09885057471264368
377 1.0
378 1.0
379 1.0
380 0.10885416666666667
381 0.10885416666666667
382 1.0
383 1.0
384 0.3888888888888889
385 0.3888888888888889
386 0.3888888888888889
387 1.0
388 1.0
389 1.0
390 1.0
391 1.0
392 1.0
393 0.1061965811965812
394 0.1061965811965812
395 1.0
396 0.16666666666666666
397 1.0
398 1.0
399 0.35714285714285715
400 0.3375
401 0.24489795918367346
402 0.2857142857142857
403 0.2857142857142857
404 1.0
405 1.0
406 0.35714285714285715
407 0.35714285714285715
408 0.03333333333333333
409 0.03333333333333333
410 1.0
411 1.0
412 1.0
413 1.0
414 1.0
415 1.0
416 1.0
417 0.24000000000000005
418 0.24000000000000005
419 0.24000000000000005
420 1.0
421 1.0
422 1.0
423 0.25999999999999995
424 0.25999999999999995
425 0.25999999999999995
426 1.0
427 1.0
428 1.0
429 1.0
430 1.0
431 0.2916666666666667
432 0.2916666666666667
433 1.0
434 1.0
435 0.35714285714285715
436 1.0
437 1.0
438 1.0
439 0.3888888888888889
440 0.3888888888888889
441 1.0
442 1.0
443 1.0
444 1.0
445 0.375
446 0.375
447 1.0
448 1.0
449 1.0
450 1.0
451 1.0
452 1.0
453 1.0
454 1.0
455 1.0
456 1.0
457 0.35714285714285715
458 1.0
459 1.0
460 0.3095238095238095
461 0.3095238095238095
462 0.3095238095238095
463 1.0
464 1.0
465 1.0
466 1.0
467 1.0
468 0.1388888888888889
469 0.1640625
470 0.1640625
471 0.1640625
472 0.375
473 0.375
474 1.0
475 1.0
476 1.0
477 1.0
478 1.0
479 1.0
480 1.0
481 0.1727272727272727
482 0.1727272727272727
483 0.23717948717948714
484 0.35
485 0.3333333333333333
486 0.3333333333333333
487 0.3333333333333333
488 0.4
489 0.2857142857142857
490 0.2857142857142857
491 0.2857142857142857
492 0.22692307692307692
493 1.0
494 1.0
495 1.0
496 1.0
497 1.0
498 1.0
499 0.11666666666666665
500 0.11666666666666665
501 0.11666666666666665
502 0.20168067226890754
503 1.0
504 1.0
505 1.0
506 1.0
507 1.0
508 1.0
509 0.3
510 1.0
511 1.0
512 1.0
513 1.0
514 1.0
515 1.0
516 1.0
517 1.0
518 1.0
519 0.14285714285714285
520 0.14285714285714285
521 1.0
522 0.18287037037037038
523 0.325
524 0.325
525 1.0
526 0.29230769230769227
527 0.29230769230769227
528 1.0
529 1.0
530 1.0
531 1.0
532 0.25
533 0.3333333333333333
534 0.3333333333333333
535 1.0
536 1.0
537 1.0
538 0.35714285714285715
539 0.35714285714285715
540 0.3095238095238095
541 1.0
542 1.0
543 1.0
544 1.0
545 1.0
546 0.33120300751879694
547 1.0
548 1.0
549 1.0
550 0.2
551 0.2
552 1.0
553 0.36666666666666664
554 0.36666666666666664
555 1.0
556 1.0
557 1.0
558 0.3409090909090909
559 1.0
560 1.0
561 1.0
562 1.0
563 1.0
564 0.16666666666666666
565 0.16666666666666666
566 1.0
567 1.0
568 1.0
569 1.0
570 0.25980392156862747
571 0.25980392156862747
572 1.0
573 1.0
574 1.0
575 1.0
576 1.0
577 1.0
578 1.0
579 0.29090909090909095
580 1.0
581 1.0
582 1.0
583 1.0
584 0.3125
585 0.3125
586 1.0
587 1.0
588 1.0
589 1.0
590 1.0
591 1.0
592 0.31428571428571433
593 0.31428571428571433
594 0.31428571428571433
595 0.3888888888888889
596 1.0
597 1.0
598 1.0
599 1.0
600 1.0
601 0.17280701754385963
602 0.3333333333333333
603 0.2681818181818182
604 0.2681818181818182
605 0.2681818181818182
606 1.0
607 1.0
608 1.0
609 1.0
610 1.0
611 1.0
612 1.0
613 0.2916666666666667
614 0.2916666666666667
615 1.0
616 0.3095238095238095
617 0.3095238095238095
618 1.0
619 1.0
620 1.0
621 1.0
622 1.0
623 1.0
624 0.2916666666666667
625 0.2916666666666667
626 0.2916666666666667
627 1.0
628 0.3333333333333333
629 0.3333333333333333
630 0.3333333333333333
631 0.3333333333333333
632 0.29326923076923084
633 0.29326923076923084
634 0.29326923076923084
635 0.4
636 0.4
637 0.4
638 1.0
639 1.0
640 0.3020833333333333
641 0.3020833333333333
642 1.0
643 1.0
644 0.3125
645 0.3125
646 0.3125
647 0.35
648 0.2960192027002372
649 1.0
650 1.0
651 1.0
652 1.0
653 1.0
654 1.0
655 0.3888888888888889
656 0.2986111111111111
657 0.2986111111111111
658 0.2986111111111111
659 1.0
660 1.0
661 1.0
662 1.0
663 0.33838383838383834
664 0.33838383838383834
665 1.0
666 0.25
667 0.25
668 1.0
669 1.0
670 1.0
671 0.3409090909090909
672 1.0
673 1.0
674 1.0
675 1.0
676 1.0
677 1.0
678 1.0
679 1.0
680 1.0
681 1.0
682 1.0
683 0.24841269841269842
684 1.0
685 0.3489583333333333
686 0.3489583333333333
687 0.3489583333333333
688 0.375
689 0.375
690 0.375
691 1.0
692 1.0
693 1.0
694 1.0
695 1.0
696 0.31666666666666665
697 0.31666666666666665
698 1.0
699 0.375
700 0.375
701 1.0
702 1.0
703 1.0
704 1.0
705 1.0
706 1.0
707 1.0
708 1.0
709 0.3
710 0.3
711 1.0
712 1.0
713 1.0
714 1.0
715 0.290959595959596
716 0.290959595959596
717 0.290959595959596
718 1.0
719 1.0

Avg. value is: 0.7242998597038869
