1 0.08734693877551021
2 0.10357142857142858
3 0.11666666666666665
4 0.175
5 0.08100345167652859
6 0.20625
7 0.10645833333333332
8 0.22797619047619047
9 0.22727272727272727
10 0.17696969696969697
11 0.1435185185185185
12 0.20769230769230768
13 0.15056437389770724
14 0.1759052059052059
15 0.06790123456790124
16 0.3095833333333333
17 0.14645960100505556
18 0.21500000000000002
19 0.16349358974358974
20 0.0859375
21 0.15775401069518716
22 0.06818181818181818
23 0.0703125
24 0.13392857142857142
25 0.11728395061728396
26 0.28055555555555556
27 0.23015873015873012
28 0.16875
29 0.18518518518518517
30 0.06728395061728394
31 0.18181818181818182
32 0.24125874125874125
33 0.2666666666666667
34 0.24652777777777776
35 0.1962962962962963
36 0.07142857142857142
37 0.07407407407407408
38 0.078125
39 0.39285714285714285
40 0.14049586776859505
41 0.10500000000000001
42 0.08653846153846154
43 0.09375
44 0.09721825793254366
45 0.13636363636363635
46 0.15555555555555556
47 0.14372960372960372
48 0.07407407407407408
49 0.06944444444444445
50 0.21296296296296294
51 0.04288194444444445
52 0.16588539665462745
53 0.16111111111111112
54 0.017105263157894735
55 0.007793209876543213
56 0.06060606060606061
57 0.11785619351408826
58 0.1504819254819255
59 0.20242914979757082
60 0.275
61 0.0
62 0.07142857142857142
63 0.10538461538461538
64 0.10454545454545454
65 0.16666666666666666
66 0.09166666666666667
67 0.16153846153846155
68 0.11111111111111112
69 0.2222222222222222
70 0.1054421768707483
71 0.08333333333333334
72 0.18055555555555558
73 0.15555555555555556
74 0.1728395061728395
75 0.15476190476190474
76 0.23124999999999996
77 0.14583333333333334
78 0.11621315192743764
79 0.2800925925925926
80 0.10515873015873016
81 0.013888888888888886
82 0.13657407407407407
83 0.1361111111111111
84 0.013888888888888886
85 0.09722222222222221
86 0.04
87 0.2644444444444444
88 0.17793650793650792
89 0.21296296296296297
90 0.18181818181818182
91 0.2644628099173554
92 0.14049586776859505
93 0.05555555555555555
94 0.1853937728937729
95 0.09999999999999999
96 0.08333333333333333
97 0.08163265306122448
98 0.02040816326530612
99 0.019999999999999997
100 0.13125
101 0.0625
102 0.07142857142857142
103 0.2792207792207792
104 0.3
105 0.11006493506493507
106 0.12606292517006804
107 0.22148592828739885
108 0.14119047619047617
109 0.1284517973856209
110 0.010204081632653064
111 0.18982244607244605
112 0.19772727272727272
113 0.19382716049382714
114 0.09183673469387754
115 0.2094017094017094
116 0.15274170274170273
117 0.125
118 0.08333333333333333
119 0.15
120 0.06818181818181818
121 0.08888888888888889
122 0.019999999999999997
123 0.006172839506172843
124 0.04958677685950413
125 0.07962962962962963
126 0.05555555555555555
127 0.04
128 0.04665242165242165
129 0.02666666666666667
130 0.052734375
131 0.015555555555555555
132 0.14049586776859505
133 0.08021978021978023
134 0.09504132231404959
135 0.2685185185185185
136 0.23846153846153845
137 0.16666666666666669
138 0.2
139 0.18636363636363634
140 0.20555555555555555
141 0.15
142 0.11728395061728396
143 0.06
144 0.065
145 0.1234567901234568
146 0.15476190476190474
147 0.29000000000000004
148 0.2863636363636363
149 0.16666666666666666
150 0.2
151 0.1875
152 0.08024691358024691
153 0.0078125
154 0.1800453514739229
155 0.12626262626262627
156 0.11000000000000001
157 0.09027777777777778
158 0.0909090909090909
159 0.010204081632653064
160 0.0078125
161 0.1311431623931624
162 0.02777777777777778
163 0.19387755102040818
164 0.1619047619047619
165 0.2464114832535885
166 0.18181818181818182
167 0.11728395061728396
168 0.13330839256765184
169 0.12058823529411766
170 0.2706666666666667
171 0.25793650793650796
172 0.3
173 0.0234375
174 0.20535714285714285
175 0.08750000000000001
176 0.25396825396825395
177 0.11904761904761904
178 0.11904761904761904
179 0.0859375
180 0.030612244897959186
181 0.16101190476190474
182 0.15034965034965034
183 0.3377006911217438
184 0.07222222222222222
185 0.10657596371882086
186 0.22
187 0.1328125
188 0.08024691358024691
189 0.12962962962962962
190 0.18229166666666666
191 0.0703125
192 0.21230310305940556
193 0.1349206349206349
194 0.11728395061728396
195 0.24902597402597404
196 0.09523809523809525
197 0.1252384992458522
198 0.20745238095238094
199 0.16383219954648526
200 0.15555555555555556
201 0.1653846153846154
202 0.20634920634920634
203 0.20987654320987653
204 0.2222222222222222
205 0.21296296296296294
206 0.15
207 0.06790123456790124
208 0.24074074074074073
209 0.08163265306122448
210 0.2370705409356725
211 0.2664835164835165
212 0.16408991228070174
213 0.11499999999999999
214 0.08947172619047619
215 0.10500000000000001
216 0.1170940170940171
217 0.1553846153846154
218 0.146875
219 0.15555555555555556
220 0.23333333333333334
221 0.0984848484848485
222 0.09474030243261013
223 0.29343434343434344
224 0.2688888888888889
225 0.24166666666666664
226 0.1653846153846154
227 0.11333333333333333
228 0.2536111111111111
229 0.1708333333333333
230 0.26666666666666666
231 0.21428571428571427
232 0.2867132867132867
233 0.23295454545454544
234 0.2323232323232323
235 0.08163265306122448
236 0.28124999999999994
237 0.1875
238 0.35185185185185186
239 0.041666666666666664
240 0.11139455782312925
241 0.11499999999999999
242 0.1292307692307692
243 0.07407407407407408
244 0.21274250440917108
245 0.02951388888888889
246 0.3068627450980392
247 0.1
248 0.11666666666666665
249 0.008264462809917354
250 0.22315462315462314
251 0.15555555555555556
252 0.23333333333333334
253 0.26421325051759836
254 0.20357142857142857
255 0.1328125
256 0.078125
257 0.09183673469387754
258 0.1076388888888889
259 0.12876461988304091
260 0.3072681704260652
261 0.10500000000000001
262 0.1700643274853801
263 0.1542989417989418
264 0.2201984126984127
265 0.08928571428571429
266 0.11989795918367348
267 0.20118343195266272
268 0.0078125
269 0.0703125
270 0.0234375
271 0.0617283950617284
272 0.14588477366255143
273 0.11728395061728396
274 0.08271604938271605
275 0.08148148148148149
276 0.19008264462809918
277 0.11470588235294117
278 0.16111111111111112
279 0.09917355371900825
280 0.24444444444444446
281 0.09417989417989417
282 0.07606060606060606
283 0.08730158730158731
284 0.01851851851851852
285 0.07142857142857142
286 0.20714285714285716
287 0.0673828125
288 0.1755952380952381
289 0.15
290 0.15
291 0.12407056677890012
292 0.078125
293 0.11538461538461539
294 0.18376068376068375
295 0.11888111888111888
296 0.09166666666666667
297 0.23901098901098902
298 0.21666666666666667
299 0.23794934640522877
300 0.15
301 0.175
302 0.23486193293885604
303 0.18333333333333335
304 0.2653061224489796
305 0.1328125
306 0.2545454545454545
307 0.175
308 0.125
309 0.20833333333333334
310 0.08024691358024691
311 0.03719008264462809
312 0.07407407407407408
313 0.1875
314 0.17500000000000002
315 0.14393939393939395
316 0.2544444444444444
317 0.2125
318 0.21481481481481485
319 0.21717171717171718
320 0.11000000000000001
321 0.24242424242424246
322 0.07142857142857142
323 0.23931623931623933
324 0.24603174603174602
325 0.12777777777777777
326 0.24500000000000002
327 0.11111111111111112
328 0.2136752136752137
329 0.19150641025641024
330 0.18181818181818182
331 0.2760416666666667
332 0.25
333 0.25
334 0.20769230769230768
335 0.1111111111111111
336 0.15555555555555556
337 0.09917355371900825
338 0.20809283309283308
339 0.19444444444444442
340 0.1813186813186813
341 0.1696969696969697
342 0.08284023668639053
343 0.17045454545454544
344 0.12847222222222224
345 0.078125
346 0.048611111111111105
347 0.21428571428571427
348 0.18181818181818182
349 0.17291666666666666
350 0.22777777777777775
351 0.22051282051282053
352 0.1958041958041958
353 0.1242603550295858
354 0.24869852369852372
355 0.1115702479338843
356 0.18229166666666666
357 0.11607142857142858
358 0.1328125
359 0.1212121212121212
360 0.215625
361 0.3071428571428571
362 0.1664957264957265
363 0.1234567901234568
364 0.12474989995998399
365 0.09090909090909091
366 0.2451599326599327
367 0.03273809523809524
368 0.14285714285714285
369 0.16016042780748663
370 0.13286713286713286
371 0.11111111111111112
372 0.19612794612794612
373 0.241025641025641
374 0.2563312954793685
375 0.07371191553544494
376 0.09143518518518517
377 0.16268004115226337
378 0.06999999999999999
379 0.0625
380 0.14285714285714285
381 0.0703125
382 0.12096930846930848
383 0.08717948717948718
384 0.18055555555555552
385 0.10555555555555556
386 0.08289215686274509
387 0.10083333333333333
388 0.07407407407407408
389 0.1328125
390 0.11499999999999999
391 0.17222222222222225
392 0.23076923076923075
393 0.23500881834215173
394 0.27651515151515155
395 0.10204081632653061
396 0.14645061728395062
397 0.2
398 0.14722222222222223
399 0.08333333333333333
400 0.11728395061728396
401 0.0390625
402 0.09858630952380953
403 0.30154532967032965
404 0.2465277777777778
405 0.1212121212121212
406 0.15178571428571427
407 0.2314814814814815
408 0.1574074074074074
409 0.1859504132231405
410 0.22395833333333334
411 0.23701298701298698
412 0.19246031746031744
413 0.23920351616430047
414 0.08035714285714285
415 0.17788461538461542
416 0.07142857142857142
417 0.1349206349206349
418 0.17500000000000002
419 0.0859375
420 0.02777777777777778
421 0.0859375
422 0.16696969696969696
423 0.14285714285714285
424 0.3111888111888112
425 0.2361111111111111
426 0.125
427 0.078125
428 0.1
429 0.23776223776223782
430 0.2741841491841492
431 0.18
432 0.23750000000000002
433 0.125
434 0.125
435 0.16161616161616163
436 0.21726190476190474
437 0.10500000000000001
438 0.25
439 0.14015151515151514
440 0.2011111111111111
441 0.10500000000000001
442 0.19675925925925922
443 0.18148148148148147
444 0.0859375
445 0.2682756132756133
446 0.2591884531590414
447 0.1818181818181818
448 0.28461538461538466
449 0.22777777777777775
450 0.22348484848484845
451 0.19318181818181818
452 0.0707309941520468
453 0.16349637681159418
454 0.12973637798199203
455 0.09375
456 0.24025252525252525
457 0.2767857142857143
458 0.09654356060606062
459 0.217478354978355
460 0.0
461 0.18928571428571428
462 0.21825396825396826
463 0.17893772893772894
464 0.08886946386946387
465 0.15734265734265734
466 0.012396694214876032
467 0.12247474747474747
468 0.09183673469387756
469 0.17320774463631605
470 0.07175652630198084
471 0.19631185807656398
472 0.029841269841269842
473 0.27285714285714285
474 0.13257575757575757
475 0.2833333333333333
476 0.20416666666666666
477 0.15306122448979592
478 0.2128684807256236
479 0.06790123456790124
480 0.04106570512820513
481 0.125
482 0.0
483 0.08854166666666666
484 0.09226190476190475
485 0.187317620650954
486 0.07965593434343435
487 0.14996843434343435
488 0.23846400513067179
489 0.07414141414141415
490 0.1496074879227053
491 0.125
492 0.16666666666666666
493 0.1111111111111111
494 0.1111111111111111
495 0.125
496 0.19642857142857142
497 0.12130177514792899
498 0.125
499 0.16666666666666669
500 0.1409090909090909
501 0.2454545454545455
502 0.1547619047619048
503 0.19285714285714284
504 0.09722222222222221
505 0.19160353535353536
506 0.2358974358974359
507 0.25951980118646784
508 0.15705128205128208
509 0.16153846153846155
510 0.16666666666666666
511 0.20833333333333334
512 0.16452991452991453
513 0.29262237762237764
514 0.19551282051282054
515 0.15051020408163265
516 0.15416666666666667
517 0.12268518518518519
518 0.19951923076923078
519 0.19230769230769232
520 0.25892857142857145
521 0.2797202797202797
522 0.17771672771672772
523 0.10563973063973064
524 0.08712121212121211
525 0.23842309953421065
526 0.16483516483516483
527 0.11111111111111112
528 0.13047138047138046
529 0.1
530 0.03454861111111111
531 0.0703125
532 0.1829861111111111
533 0.21666666666666665
534 0.18
535 0.2
536 0.10500000000000001
537 0.13827160493827162
538 0.2953780226507499
539 0.23888888888888893
540 0.15625
541 0.1873130341880342
542 0.20608152531229457
543 0.16071428571428573
544 0.12962962962962962
545 0.1525974025974026
546 0.17192307692307693
547 0.15758547008547008
548 0.1212121212121212
549 0.2644628099173554
550 0.19583333333333336
551 0.2579811649256094
552 0.31353767560664114
553 0.06790123456790124
554 0.0617283950617284
555 0.06
556 0.14646464646464646
557 0.24615384615384617
558 0.13636363636363635
559 0.26875
560 0.05102040816326531
561 0.18181818181818182
562 0.17857142857142858
563 0.1423076923076923
564 0.09504132231404959
565 0.16296296296296295
566 0.17592592592592593
567 0.2565656565656566
568 0.1125
569 0.25670163170163174
570 0.225
571 0.21666666666666667
572 0.15476190476190474
573 0.23148148148148145
574 0.2159090909090909
575 0.12850729517396184
576 0.19027777777777777
577 0.13076923076923078
578 0.22160586327252993
579 0.19166666666666665
580 0.2701058201058201
581 0.10606060606060606
582 0.165625
583 0.16
584 0.13214285714285715
585 0.16812865497076024
586 0.23106060606060608
587 0.13636363636363635
588 0.16812865497076024
589 0.1891608617131063
590 0.13194444444444445
591 0.12121212121212123
592 0.08
593 0.11111111111111112
594 0.10330578512396693
595 0.11666666666666667
596 0.0617283950617284
597 0.04983108108108108
598 0.17042824074074078
599 0.12361111111111112
600 0.1435897435897436
601 0.0792459125792459
602 0.1625
603 0.1875
604 0.2353532235939643
605 0.17979766803840877
606 0.06999999999999999
607 0.1655844155844156
608 0.10909090909090909
609 0.2537878787878788
610 0.28151249335459866
611 0.35
612 0.10128968253968254
613 0.19318181818181818
614 0.1439060939060939
615 0.1484848484848485
616 0.14879807692307692
617 0.0078125
618 0.006172839506172843
619 0.006172839506172843
620 0.26666666666666666
621 0.12847222222222224
622 0.11229166666666668
623 0.21354166666666666
624 0.16761363636363635
625 0.16666666666666666
626 0.09259259259259262
627 0.1950757575757576
628 0.21794871794871795
629 0.1778846153846154
630 0.15588235294117647
631 0.1728395061728395
632 0.3263888888888889
633 0.16
634 0.13749999999999998
635 0.24166666666666664
636 0.2048611111111111
637 0.2732452732452733
638 0.2
639 0.12833333333333333

Avg. value is: 0.15380395005290867
