1 0.2504232804232804
2 0.29609279609279604
3 0.35818602693602697
4 0.3819444444444444
5 0.0916437728937729
6 0.25233623832308044
7 0.3907407407407407
8 0.36666666666666664
9 0.37878787878787884
10 0.38446969696969696
11 0.1746031746031746
12 0.35
13 0.4166666666666667
14 0.3993055555555555
15 0.41175714112805617
16 0.35
17 0.34415584415584416
18 0.26
19 0.15714285714285714
20 0.375
21 0.2762237762237762
22 0.36363636363636365
23 0.375
24 0.375
25 0.19444444444444445
26 0.3263888888888889
27 0.3888888888888889
28 0.3748677248677249
29 0.4049953314659197
30 0.37639623750734863
31 0.29494949494949496
32 0.24025974025974026
33 0.30224867724867727
34 0.34027777777777785
35 0.3333333333333333
36 0.2219137013779871
37 0.2777777777777778
38 0.375
39 0.30077922077922076
40 0.3269209956709957
41 0.33492063492063495
42 0.35632885632885636
43 0.3237296075837743
44 0.3421201814058957
45 0.3179398148148148
46 0.37877923976608185
47 0.4447946343779678
48 0.23015873015873012
49 0.1335978835978836
50 0.3090277777777778
51 0.3543981481481482
52 0.3942307692307692
53 0.2752083333333334
54 0.31
55 0.41505636070853463
56 0.42959770114942525
57 0.3860380116959065
58 0.3360670194003527
59 0.38461538461538464
60 0.2
61 0.1672135734635735
62 0.10334903192046051
63 0.3
64 0.3789772727272727
65 0.34739583333333335
66 0.43441358024691357
67 0.35
68 0.3
69 0.3828784925276153
70 0.3197278911564626
71 0.397968697968698
72 0.28703703703703703
73 0.3333333333333333
74 0.11728395061728396
75 0.2857142857142857
76 0.375
77 0.2866161616161616
78 0.2857142857142857
79 0.3726851851851852
80 0.23781179138321998
81 0.37336601307189543
82 0.33820707070707073
83 0.3347222222222222
84 0.09999999999999999
85 0.3333333333333333
86 0.24944444444444444
87 0.34444444444444444
88 0.26666666666666666
89 0.3472222222222222
90 0.25
91 0.1875
92 0.2996891996891997
93 0.11904761904761904
94 0.3541666666666667
95 0.2222222222222222
96 0.2619047619047619
97 0.3187830687830688
98 0.2040816326530612
99 0.029398148148148152
100 0.393344056372549
101 0.3265625
102 0.13076663998932905
103 0.3181818181818182
104 0.35
105 0.35714285714285715
106 0.35629346182917615
107 0.2818181818181818
108 0.32612794612794616
109 0.375
110 0.24305555555555555
111 0.3888888888888889
112 0.35473684210526313
113 0.32711111111111113
114 0.2857142857142857
115 0.25
116 0.25
117 0.2846861471861472
118 0.36527777777777765
119 0.2419047619047619
120 0.2337662337662338
121 0.2709876543209877
122 0.0
123 0.3580246913580247
124 0.29924242424242425
125 0.38621150272135935
126 0.2687559354226021
127 0.14517826617826618
128 0.28703703703703703
129 0.171476430976431
130 0.3667252886002886
131 0.32450697450697447
132 0.2828282828282828
133 0.3396825396825397
134 0.2818181818181818
135 0.29907407407407405
136 0.35
137 0.35714285714285715
138 0.3
139 0.3727272727272727
140 0.4
141 0.20833333333333334
142 0.2916666666666667
143 0.325
144 0.3125
145 0.2916666666666667
146 0.2857142857142857
147 0.2
148 0.3
149 0.2777777777777778
150 0.4
151 0.3110014619883041
152 0.20185185185185184
153 0.27468998015873014
154 0.30272108843537415
155 0.2991489651416122
156 0.33493589743589747
157 0.21429843304843307
158 0.43536324786324787
159 0.3463369963369964
160 0.16319444444444448
161 0.37072649572649574
162 0.11615604575163398
163 0.25754731379731377
164 0.35068027210884356
165 0.32531565656565653
166 0.21368987493987496
167 0.23148148148148145
168 0.4060356652949246
169 0.3931481481481482
170 0.4
171 0.32857142857142857
172 0.388031045751634
173 0.3935185185185185
174 0.3166666666666667
175 0.2997685185185185
176 0.3332111580264289
177 0.1744961873638344
178 0.1744961873638344
179 0.40208333333333335
180 0.3904761904761905
181 0.34375
182 0.3244318181818182
183 0.306875
184 0.4
185 0.3166666666666667
186 0.40327380952380953
187 0.2950892857142857
188 0.28329647648533096
189 0.31746031746031744
190 0.375
191 0.3333333333333333
192 0.38095238095238093
193 0.2630434782608696
194 0.3888888888888889
195 0.25825892857142857
196 0.08333333333333333
197 0.25281593406593406
198 0.13565750915750915
199 0.2857142857142857
200 0.3641025641025641
201 0.3399305555555555
202 0.2654761904761905
203 0.35185185185185186
204 0.2898148148148148
205 0.17901234567901236
206 0.25
207 0.30246913580246915
208 0.2916666666666667
209 0.35714285714285715
210 0.3798848684210526
211 0.31410256410256415
212 0.27536675398904503
213 0.35
214 0.33864311127898084
215 0.08325590501901244
216 0.35185185185185186
217 0.36666666666666664
218 0.31
219 0.35
220 0.23333333333333334
221 0.15178571428571427
222 0.2974599961442067
223 0.2792207792207792
224 0.30833333333333335
225 0.2571428571428571
226 0.3678571428571428
227 0.12569444444444444
228 0.3
229 0.2569444444444445
230 0.375
231 0.25396825396825395
232 0.3727272727272727
233 0.32727272727272727
234 0.28787878787878785
235 0.1639455782312925
236 0.3958333333333333
237 0.3333333333333333
238 0.35185185185185186
239 0.0
240 0.2619047619047619
241 0.10555555555555556
242 0.11025641025641027
243 0.1736111111111111
244 0.4166666666666667
245 0.39409722222222227
246 0.2760242835595777
247 0.26666153846153845
248 0.23721709401709404
249 0.368979020979021
250 0.24074074074074078
251 0.3125
252 0.36666666666666664
253 0.2
254 0.24537484737484738
255 0.24178800366300368
256 1.0
257 0.2857142857142857
258 0.25
259 0.2995857699805068
260 0.36428571428571427
261 0.35721788847117797
262 0.21428571428571427
263 0.32688492063492064
264 0.38333333333333336
265 0.4208238851095994
266 0.4061791383219955
267 0.35773183369337214
268 0.32916666666666666
269 0.2822420634920635
270 0.21666666666666667
271 0.29259259259259257
272 0.21335811821922934
273 0.24497354497354498
274 0.29082892416225753
275 0.29876543209876544
276 0.28030303030303033
277 0.3125
278 0.3
279 0.28989898989898993
280 0.3617003367003367
281 0.4292123617123617
282 0.38095238095238093
283 0.039719296809632945
284 0.35185185185185186
285 0.039719296809632945
286 0.3918678048142334
287 0.4055059523809524
288 0.34920634920634924
289 0.34561965811965817
290 0.3560363247863248
291 0.32954545454545453
292 0.44765625
293 0.4003490605211253
294 0.39179329657270834
295 0.4012820512820513
296 0.36952808901338313
297 0.3538461538461538
298 0.18091168091168092
299 0.3854166666666667
300 0.19626623376623378
301 0.35
302 0.41381766381766383
303 0.396897499740637
304 0.38425925925925924
305 0.3125
306 0.25
307 0.32113095238095235
308 0.3333333333333333
309 0.3
310 0.3888888888888889
311 0.3310111347392049
312 0.3888888888888889
313 0.125
314 0.3069261695906433
315 0.22727272727272727
316 0.35
317 0.16818181818181815
318 0.3549382716049383
319 0.1111111111111111
320 0.2736782107745208
321 0.36363636363636365
322 0.15306122448979592
323 0.3205128205128205
324 0.2857142857142857
325 0.4
326 0.32
327 0.3125
328 0.05555555555555555
329 0.35185185185185186
330 0.3409090909090909
331 0.2916666666666667
332 0.3
333 0.3
334 0.3
335 0.11728395061728396
336 0.3625
337 0.2727272727272727
338 0.3888888888888889
339 0.34375
340 0.36607142857142855
341 0.22727272727272727
342 0.3623591686091686
343 0.3273809523809524
344 0.25
345 0.25
346 0.31448412698412703
347 0.4
348 0.36363636363636365
349 0.17238095238095238
350 0.29788359788359786
351 0.2727272727272727
352 0.29195548041701885
353 0.33333333333333337
354 0.4090909090909091
355 0.2727272727272727
356 0.3333333333333333
357 0.3375
358 0.21145833333333333
359 0.16666666666666666
360 0.3
361 0.4
362 0.26282051282051283
363 0.3888888888888889
364 0.3900560224089636
365 0.36363636363636365
366 0.34129901960784315
367 0.34702380952380946
368 0.22285714285714286
369 0.24016042780748664
370 0.4164724164724165
371 0.4090909090909091
372 0.36363636363636365
373 0.35102564102564104
374 0.2957502536449905
375 0.25
376 0.3723958333333333
377 0.41460905349794236
378 0.3438161375661376
379 0.3125
380 0.33556286549707603
381 0.08342611336032388
382 0.31036324786324787
383 0.24583333333333332
384 0.43333333333333335
385 0.35
386 0.0678921568627451
387 0.22083333333333335
388 0.05555555555555555
389 0.21000000000000002
390 0.20833333333333334
391 0.35185185185185186
392 0.4090909090909091
393 0.3765432098765432
394 0.24810606060606058
395 0.09183673469387754
396 0.24444444444444446
397 0.35
398 0.41666666666666663
399 0.18571428571428572
400 0.3365740740740741
401 0.0078125
402 0.3125
403 0.2777777777777778
404 0.2777777777777778
405 0.3153292181069959
406 0.3174603174603175
407 0.3333333333333333
408 0.18333333333333335
409 0.2323232323232323
410 0.3936965811965812
411 0.33755411255411255
412 0.3416666666666666
413 0.1728395061728395
414 0.375
415 0.125
416 0.08163265306122448
417 0.2653061224489796
418 0.2168560606060606
419 0.265625
420 0.2881944444444445
421 0.3655753968253968
422 0.44696969696969696
423 0.16326530612244897
424 0.33766233766233766
425 0.23333333333333334
426 0.2789351851851852
427 0.34077380952380953
428 0.2
429 0.3181818181818182
430 0.3076923076923077
431 0.32971139971139973
432 0.1328125
433 0.25
434 0.24287240537240537
435 0.3333333333333333
436 0.3333333333333333
437 0.29555555555555557
438 0.3333333333333333
439 0.2569444444444445
440 0.3
441 0.375
442 0.2916666666666667
443 0.3333333333333333
444 0.3125
445 0.36363636363636365
446 0.3
447 0.2222222222222222
448 0.3
449 0.11904761904761904
450 0.13636363636363635
451 0.2789351851851852
452 0.4171284271284271
453 0.37001074735449735
454 0.3634920634920635
455 0.10977728411938939
456 0.37247474747474746
457 0.29966167274990807
458 0.3315217391304348
459 0.2857142857142857
460 0.14583333333333334
461 0.29166666666666663
462 0.29151404151404153
463 0.27564102564102566
464 0.21386946386946387
465 0.22872960372960374
466 0.3545290568017841
467 0.27525252525252525
468 0.2857142857142857
469 0.24602730602730602
470 0.3990710678210678
471 0.3527579365079365
472 0.3527579365079365
473 0.4229166666666667
474 0.4223958333333333
475 0.35
476 0.26
477 0.3376984126984127
478 0.35714285714285715
479 0.3059116809116809
480 0.2676282051282051
481 0.3059116809116809
482 0.37336601307189543
483 0.26985254329004327
484 0.3779761904761905
485 0.27885802469135806
486 0.3762152777777778
487 0.2688434829059829
488 0.3344135802469136
489 0.2172222222222222
490 0.2337121212121212
491 0.3125
492 0.3134359467692801
493 0.25223141056474385
494 0.2222222222222222
495 0.260625
496 0.3398809523809524
497 0.3076923076923077
498 0.2777777777777778
499 0.31
500 0.34848484848484845
501 0.20833333333333334
502 0.32429752786895644
503 0.21428571428571427
504 0.2950137825137825
505 0.20765993265993266
506 0.36563116370808674
507 0.3333333333333333
508 0.34615384615384615
509 0.3982905982905983
510 0.3333333333333333
511 0.306547619047619
512 0.36758241758241755
513 0.4358974358974359
514 0.38461538461538464
515 0.40476190476190477
516 0.31587301587301586
517 0.34490740740740744
518 0.3153846153846154
519 0.34615384615384615
520 0.40476190476190477
521 0.38461538461538464
522 0.3514467485919099
523 0.4016878733572282
524 0.36226851851851855
525 0.3119448452781786
526 0.36324786324786323
527 0.3
528 0.23535353535353537
529 0.41717171717171714
530 0.25
531 0.3424145299145299
532 0.3405448717948718
533 0.3
534 0.35416666666666663
535 0.3416666666666667
536 0.41666666666666663
537 0.26049382716049385
538 0.2522847522847523
539 0.311522633744856
540 0.4
541 0.28125
542 0.34615384615384615
543 0.37222222222222223
544 0.3101851851851852
545 1.0
546 0.38333333333333336
547 0.25
548 0.2916666666666667
549 0.37878787878787884
550 0.3166666666666667
551 0.35185185185185186
552 0.2888888888888889
553 0.3584656084656085
554 0.3584656084656085
555 0.3726190476190476
556 0.36363636363636365
557 0.32261904761904764
558 0.26528269710087893
559 0.41666666666666663
560 0.15873218231708797
561 0.3841991341991342
562 0.35714285714285715
563 0.2875
564 0.2045021645021645
565 0.25
566 0.3029100529100529
567 0.36363636363636365
568 0.31548342008868324
569 0.4090909090909091
570 0.32142857142857145
571 0.2698412698412699
572 0.3095238095238095
573 0.2777777777777778
574 0.18686868686868685
575 0.2888888888888889
576 0.25
577 0.25
578 0.30404040404040406
579 0.35
580 0.287962962962963
581 0.375
582 0.3449999999999999
583 0.325
584 0.3
585 0.24570968484011965
586 0.20725108225108227
587 0.2690422322775264
588 0.375
589 0.40379901960784315
590 0.3549382716049383
591 0.39509680134680136
592 0.4
593 0.36666666666666664
594 0.289983164983165
595 0.36666666666666664
596 0.24541207874541207
597 0.4572072072072072
598 0.30853174603174605
599 0.36441446725317694
600 0.33019553989032274
601 0.3787454120787454
602 0.4
603 0.275
604 0.3194444444444444
605 0.2222222222222222
606 1.0
607 0.42772967772967774
608 0.3497053872053872
609 0.3380952380952381
610 0.37878787878787884
611 0.30047619047619045
612 0.2673611111111111
613 0.3298611111111111
614 0.3746753246753247
615 0.3746753246753247
616 0.446875
617 0.23133680555555558
618 0.2611882716049383
619 0.4104938271604939
620 0.3125
621 0.25
622 0.2666666666666667
623 0.375
624 0.2818181818181818
625 0.23174102132435465
626 0.3243336139169472
627 0.2727272727272727
628 0.21759259259259262
629 0.3076923076923077
630 0.35
631 0.2962962962962963
632 0.375
633 0.3125
634 0.25595238095238093
635 0.3625
636 0.2777777777777778
637 0.349002849002849
638 0.3853923853923854
639 0.37393162393162394

Avg. value is: 0.3077725059644287
