1 0.16785714285714284
2 0.15476190476190474
3 0.24134199134199139
4 0.18587962962962962
5 0.2777777777777778
6 0.2
7 0.29166666666666663
8 0.21666666666666665
9 0.37878787878787873
10 0.12196969696969698
11 0.16666666666666666
12 0.25
13 0.26430555555555557
14 0.3843434343434344
15 0.24074074074074078
16 0.16458333333333333
17 0.1
18 0.061111111111111116
19 0.35
20 0.20833333333333334
21 0.2845454545454546
22 0.24025974025974026
23 0.21666666666666667
24 0.1818181818181818
25 0.27469135802469136
26 0.08750000000000001
27 0.17592592592592593
28 0.125
29 0.23148148148148145
30 0.22037037037037038
31 0.14335664335664336
32 0.16233766233766234
33 0.24319172113289758
34 0.212719298245614
35 0.1925925925925926
36 0.2285714285714286
37 0.25
38 0.3333333333333333
39 0.2785714285714285
40 0.22979797979797978
41 0.25833333333333336
42 0.08653846153846154
43 0.17592592592592593
44 0.2941176470588235
45 0.2175925925925926
46 0.31833333333333336
47 0.3666666666666667
48 0.35185185185185186
49 0.3333333333333333
50 0.17129629629629628
51 0.10742845117845119
52 0.2403846153846154
53 0.25833333333333336
54 0.125
55 0.19746376811594202
56 0.23688936781609196
57 0.27532372598162075
58 0.08399470899470901
59 0.2094017094017094
60 0.32857142857142857
61 0.32653061224489793
62 0.2777777777777778
63 0.25
64 0.18181818181818182
65 0.13425925925925927
66 0.22685185185185186
67 0.18416666666666667
68 0.26
69 0.18055555555555555
70 0.03401360544217687
71 0.044086865515436946
72 0.2777777777777778
73 0.024691358024691357
74 0.0617283950617284
75 0.22448979591836732
76 0.332010582010582
77 0.08333333333333333
78 0.3862433862433862
79 0.3668091168091168
80 0.1655982905982906
81 0.20669934640522877
82 0.19150132275132278
83 0.19365079365079363
84 0.18333333333333335
85 0.14583333333333334
86 0.09999999999999999
87 0.2111111111111111
88 0.2375
89 0.1623931623931624
90 0.29166666666666663
91 0.18831168831168832
92 0.05785123966942149
93 0.2986111111111111
94 0.17129629629629628
95 0.12650462962962963
96 0.09183673469387754
97 0.24603174603174605
98 0.19021164021164022
99 0.3
100 0.21197916666666666
101 0.3196180555555555
102 0.18681318681318682
103 0.2644628099173554
104 0.31500000000000006
105 0.32653061224489793
106 0.11585884353741496
107 0.2444760101010101
108 0.15956709956709955
109 0.22324346405228757
110 0.010204081632653064
111 0.2310185185185185
112 0.2287081339712919
113 0.04854497354497354
114 0.1629251700680272
115 0.22428571428571428
116 0.21428571428571427
117 0.21153846153846156
118 0.24406565656565657
119 0.15
120 0.2727272727272727
121 0.30493827160493825
122 0.06
123 0.14085297418630752
124 0.16233766233766234
125 0.1864672364672365
126 0.030864197530864206
127 0.04
128 0.06481481481481483
129 0.02888888888888889
130 1.0
131 1.0
132 0.07024793388429752
133 0.1632936507936508
134 0.20629370629370627
135 0.24206349206349204
136 0.2716666666666666
137 0.26742857142857146
138 0.2708333333333333
139 0.18506493506493504
140 0.24666666666666667
141 0.28313492063492063
142 0.17222222222222225
143 0.1653846153846154
144 0.06666666666666668
145 0.07407407407407408
146 0.34681841456035
147 0.27222222222222225
148 0.21000000000000002
149 0.05555555555555555
150 0.20454545454545453
151 0.2375
152 0.14646464646464646
153 0.23988095238095236
154 0.18181818181818182
155 0.3333333333333333
156 0.13607226107226109
157 0.19444444444444445
158 0.24786324786324787
159 0.24633699633699635
160 0.2902777777777778
161 0.2754884004884005
162 0.13333333333333333
163 0.18571428571428572
164 0.16904761904761906
165 0.18939393939393942
166 0.2727272727272727
167 0.3888888888888889
168 0.35048010973936905
169 0.1681818181818182
170 0.37272727272727274
171 0.37301587301587297
172 0.3696969696969697
173 0.1820899470899471
174 0.25091575091575097
175 0.3935185185185185
176 0.35613553113553115
177 0.2962962962962963
178 0.35185185185185186
179 0.26914351851851853
180 0.23973544973544975
181 0.40208333333333335
182 0.20202020202020202
183 0.2
184 0.355
185 0.14285714285714285
186 0.1443452380952381
187 0.22569444444444445
188 1.0
189 0.2888888888888889
190 0.2556818181818182
191 0.14285714285714285
192 0.21428571428571427
193 0.19285714285714287
194 0.18253968253968253
195 0.21493506493506495
196 0.21428571428571427
197 0.1951923076923077
198 0.23592592592592593
199 0.16934124076981222
200 0.06666666666666668
201 0.2
202 0.2857142857142857
203 0.24074074074074078
204 0.25740740740740736
205 0.1904761904761905
206 0.13461538461538464
207 0.26543209876543206
208 0.23015873015873012
209 0.08163265306122448
210 0.2006122076023392
211 0.2058823529411765
212 0.17142857142857143
213 0.15625
214 0.21469594594594593
215 0.15
216 0.2638888888888889
217 0.21428571428571427
218 0.3333333333333333
219 0.24545454545454545
220 0.2777777777777778
221 0.14166666666666666
222 0.18227424749163879
223 0.2587412587412587
224 0.22142857142857145
225 0.23928571428571424
226 0.15416666666666667
227 0.285
228 0.23749999999999996
229 0.18181818181818185
230 0.28518518518518515
231 0.27090515693456874
232 0.2587412587412588
233 0.2644628099173554
234 0.1875
235 0.32653061224489793
236 0.3246074879227053
237 0.26041666666666663
238 0.2777777777777778
239 1.0
240 0.15079365079365079
241 0.4
242 0.4
243 0.23333333333333334
244 0.26333774250440917
245 0.19097222222222224
246 0.1756127450980392
247 0.35
248 0.2780555555555556
249 0.2676767676767677
250 0.11805555555555555
251 0.17727272727272725
252 0.20714285714285713
253 0.11000000000000001
254 0.15
255 0.2625
256 0.1517857142857143
257 0.23809523809523808
258 0.16666666666666669
259 0.09316239316239316
260 0.36428571428571427
261 0.16788461538461538
262 0.19230769230769232
263 0.2569444444444445
264 0.34247863247863247
265 0.24036281179138322
266 0.15909090909090912
267 0.2902930402930403
268 0.25104166666666666
269 0.2
270 0.19444444444444442
271 0.1746031746031746
272 0.2777777777777778
273 0.16296296296296298
274 0.15497076023391812
275 0.20833333333333331
276 0.10909090909090909
277 0.15277777777777776
278 0.27
279 0.14545454545454548
280 0.3547545561434451
281 0.11282051282051282
282 0.13650793650793652
283 0.09183673469387754
284 0.21666666666666667
285 0.21428571428571427
286 0.19155844155844154
287 0.15446428571428572
288 0.26785714285714285
289 0.20833333333333334
290 0.178921568627451
291 0.07024793388429752
292 0.103515625
293 0.1778846153846154
294 0.31410256410256415
295 0.10139860139860139
296 0.11666666666666665
297 0.16153846153846155
298 0.2744708994708994
299 0.3287037037037037
300 0.2337662337662338
301 0.205
302 0.2
303 0.2916666666666667
304 0.16071428571428573
305 0.171875
306 0.375
307 0.2772727272727272
308 0.3011363636363636
309 0.17083333333333334
310 0.3333333333333333
311 0.23484848484848486
312 0.2222222222222222
313 0.13125
314 0.19345238095238096
315 0.18181818181818182
316 0.15714285714285714
317 0.20555555555555555
318 0.1728395061728395
319 0.15740740740740738
320 0.3666666666666666
321 0.1409090909090909
322 0.14285714285714285
323 0.2733727810650887
324 0.2285714285714286
325 0.2833333333333333
326 0.17692307692307693
327 0.15625
328 0.24444444444444446
329 0.16666666666666666
330 0.18831168831168832
331 0.125
332 0.15714285714285714
333 0.2
334 0.2875
335 0.1495726495726496
336 0.20909090909090908
337 0.2375
338 0.3333333333333333
339 0.2916666666666667
340 0.13973214285714283
341 0.22727272727272727
342 0.11888111888111888
343 0.3333333333333333
344 0.18044871794871795
345 0.13541666666666666
346 0.21875
347 0.17857142857142858
348 0.09958677685950414
349 0.12083333333333335
350 0.282010582010582
351 0.27314049586776856
352 0.21715976331360948
353 0.16498117267348034
354 0.2545454545454545
355 0.10330578512396693
356 0.13809523809523808
357 0.18229166666666669
358 0.25
359 0.2222222222222222
360 0.3
361 0.13999999999999999
362 0.15625
363 0.09722222222222222
364 0.16981792717086838
365 0.19886363636363635
366 0.16213235294117648
367 0.27440476190476193
368 0.25
369 0.3095238095238095
370 0.28205128205128205
371 0.34848484848484845
372 0.1534090909090909
373 0.316025641025641
374 0.27365967365967364
375 0.1171664609899904
376 0.2372685185185185
377 0.27824541713430606
378 0.1607142857142857
379 0.14375000000000002
380 0.22916666666666663
381 0.19791666666666666
382 0.1186965811965812
383 0.2074074074074074
384 0.24444444444444444
385 0.11875
386 0.3791176470588235
387 0.23461538461538461
388 0.1898148148148148
389 0.08812500000000001
390 0.24583333333333335
391 0.18055555555555555
392 0.1688311688311688
393 0.12962962962962965
394 0.20833333333333337
395 0.14285714285714285
396 0.25493827160493826
397 0.1625
398 0.15555555555555556
399 0.21428571428571427
400 0.1736111111111111
401 0.375
402 0.25535714285714284
403 0.08893849206349205
404 0.1527777777777778
405 0.34112286890064664
406 0.17460317460317462
407 0.11666666666666667
408 0.11666666666666665
409 0.16558441558441558
410 0.17592592592592593
411 0.2462121212121212
412 0.1388888888888889
413 0.18055555555555555
414 0.0859375
415 1.0
416 0.21428571428571427
417 0.2857142857142857
418 0.13392857142857142
419 0.25
420 0.18333333333333335
421 0.265625
422 0.1988888888888889
423 0.024134199134199136
424 0.2727272727272727
425 0.1746031746031746
426 0.13541666666666666
427 0.13392857142857142
428 0.0557142857142857
429 0.1
430 0.11538461538461539
431 0.20714285714285713
432 0.046875
433 0.265625
434 0.14813034188034188
435 0.0617283950617284
436 0.17424242424242423
437 0.18571428571428572
438 0.25555555555555554
439 0.09791666666666667
440 0.25
441 0.19583333333333336
442 0.1708333333333333
443 0.1752136752136752
444 0.09375
445 0.375
446 0.3561111111111111
447 0.1794871794871795
448 0.2571428571428571
449 0.3333333333333333
450 0.18686868686868685
451 0.1601851851851852
452 0.061840277777777786
453 0.15104166666666666
454 0.2230324074074074
455 0.08928571428571429
456 0.12247474747474747
457 0.1764069264069264
458 0.25
459 0.14285714285714285
460 0.25
461 0.2755102040816326
462 0.2826923076923077
463 0.22916666666666666
464 0.09713226611608818
465 0.21411944560326765
466 0.15422546756998454
467 0.19191919191919193
468 0.08333333333333333
469 0.09157509157509157
470 0.16023875114784206
471 0.3895833333333333
472 0.12291666666666667
473 0.17916666666666667
474 0.2175925925925926
475 0.15
476 0.31
477 0.2857142857142857
478 0.2857142857142857
479 1.0
480 0.19791666666666666
481 0.1746031746031746
482 0.1372549019607843
483 0.140625
484 0.14285714285714285
485 0.17568342151675484
486 0.25121527777777775
487 0.14384348290598292
488 0.31093474426807766
489 0.35097222222222224
490 0.20416666666666666
491 0.13392857142857142
492 0.18771043771043772
493 0.24215401401953476
494 0.12178364364916439
495 0.14593517053388136
496 0.1875
497 0.17857142857142855
498 0.3888888888888889
499 0.11111111111111112
500 0.10101010101010101
501 0.20625
502 0.14285714285714285
503 0.2192857142857143
504 0.2937865765848577
505 0.21180555555555555
506 0.16433566433566432
507 0.18101851851851855
508 0.24660633484162897
509 0.26573426573426573
510 0.3988095238095237
511 0.22083333333333335
512 0.21346153846153848
513 0.36538461538461536
514 0.2630536130536131
515 0.14880952380952378
516 0.18462301587301588
517 0.2637670565302144
518 0.20512820512820512
519 0.17307692307692307
520 0.23492063492063492
521 0.33440170940170943
522 0.23015873015873017
523 0.2990740740740741
524 0.3390313390313391
525 0.27521367521367524
526 0.1517094017094017
527 0.15
528 0.21482482164300346
529 0.16558441558441558
530 0.18819444444444444
531 0.19318181818181818
532 0.1715964590964591
533 0.11055555555555556
534 0.19999999999999998
535 0.16752136752136754
536 0.19230769230769232
537 0.24320987654320986
538 0.20033670033670034
539 0.18930041152263374
540 0.1875
541 0.32589285714285715
542 0.23557692307692307
543 0.22777777777777777
544 0.23526936026936024
545 0.22196969696969696
546 0.2516025641025641
547 0.2152777777777778
548 0.2222222222222222
549 0.17207792207792208
550 0.20833333333333331
551 0.41358024691358025
552 0.21666666666666667
553 0.08763227513227514
554 0.17901234567901236
555 0.29285714285714287
556 0.20909090909090908
557 0.3059523809523809
558 0.24545454545454543
559 0.25
560 0.35714285714285715
561 0.2916666666666667
562 0.18526785714285715
563 0.26666666666666666
564 0.19977961432506888
565 0.24444444444444446
566 0.2222222222222222
567 0.25721500721500723
568 0.25
569 0.1409090909090909
570 0.21753246753246752
571 0.30246913580246915
572 0.2285714285714286
573 0.29292929292929293
574 0.2694805194805195
575 0.20085470085470086
576 0.15
577 0.152
578 0.25679348161232224
579 0.07222222222222222
580 0.14907407407407408
581 0.2523148148148148
582 0.25833333333333336
583 0.12638888888888888
584 0.20714285714285713
585 1.0
586 0.37878787878787884
587 0.125
588 0.3333333333333333
589 0.1735358617131063
590 0.18055555555555555
591 0.24025974025974026
592 0.12777777777777777
593 0.22245989304812835
594 0.14545454545454548
595 0.11111111111111112
596 0.2638888888888889
597 0.2697072072072072
598 0.19999999999999998
599 1.0
600 0.3012820512820512
601 0.24831649831649832
602 0.240625
603 0.375
604 0.18253968253968253
605 0.21825396825396823
606 0.25833333333333336
607 0.3181818181818182
608 0.3181818181818182
609 0.3246753246753247
610 0.23822245006455534
611 0.17511904761904762
612 0.1423611111111111
613 0.3020833333333333
614 0.2461038961038961
615 0.2461038961038961
616 0.3375
617 0.1597222222222222
618 0.20414462081128748
619 0.20414462081128748
620 0.16428571428571428
621 0.20833333333333334
622 0.11111111111111112
623 0.18452380952380953
624 0.28030303030303033
625 0.0617283950617284
626 0.0625
627 0.1414141414141414
628 0.1388888888888889
629 0.19615384615384615
630 0.255
631 0.24300523349436393
632 0.17129629629629628
633 0.2125
634 0.22916666666666666
635 0.21428571428571427
636 0.349002849002849
637 0.18850902184235518
638 0.14393939393939395
639 0.10500000000000001

Avg. value is: 0.22078963089421022
