1 0.10095238095238097
2 0.15714285714285717
3 0.18774294670846395
4 0.30243939393939395
5 0.24188034188034188
6 0.2325793650793651
7 0.3279365079365079
8 0.3
9 0.20265151515151517
10 0.17196969696969697
11 0.3888888888888889
12 0.32064393939393937
13 0.3064814814814815
14 0.3471755368814193
15 0.2955047789725209
16 0.1967251866490997
17 0.20531769558943472
18 0.2853825522303783
19 0.2742786561264822
20 0.2586306269363951
21 0.38565932585201357
22 0.20955050505050507
23 0.14204545454545453
24 0.14409722222222224
25 0.25370370370370376
26 0.2523148148148148
27 0.2037037037037037
28 0.25
29 0.05666666666666667
30 0.13382716049382715
31 0.24635281385281385
32 0.2028282828282828
33 0.1911111111111111
34 0.227506105006105
35 0.26512345679012345
36 0.1442857142857143
37 0.14493827160493827
38 0.26375
39 0.20535714285714285
40 0.2004040404040404
41 0.22163492063492063
42 0.1749074454956808
43 0.29259259259259257
44 0.1915532879818594
45 0.3199652777777778
46 0.3077441077441077
47 0.20506105006105005
48 0.2916666666666667
49 0.3888888888888889
50 0.1953703703703704
51 0.2025641025641026
52 0.22678688832534988
53 0.28099999999999997
54 0.10285714285714284
55 0.1288888888888889
56 0.11817393972566387
57 0.2433296783625731
58 0.23939393939393938
59 0.38461538461538464
60 0.20142857142857143
61 0.21587301587301586
62 0.19265873015873014
63 0.21944444444444447
64 0.2827272727272727
65 0.22431818181818183
66 0.15361111111111111
67 0.22657894736842107
68 0.3436372180451128
69 0.28023182957393483
70 0.05782312925170068
71 0.176421410567752
72 0.12037037037037039
73 0.2858024691358025
74 0.33834375501042163
75 0.15068027210884358
76 0.29760401635401634
77 0.18873757415424078
78 0.2050994666872597
79 0.26157407407407407
80 0.19963369963369962
81 0.2900326797385621
82 0.2400132275132275
83 0.12222222222222223
84 0.2833333333333333
85 0.09722222222222222
86 0.019999999999999997
87 0.28444444444444444
88 0.20555555555555555
89 0.139448051948052
90 0.2767857142857143
91 0.2633700932163499
92 0.3131313131313131
93 0.30952380952380953
94 0.21273934613717893
95 0.16666666666666666
96 0.2316326530612245
97 0.23611111111111113
98 0.3187830687830688
99 1.0
100 0.25231951208513703
101 0.08125000000000002
102 0.17546967846967845
103 0.24621212121212122
104 0.22361111111111112
105 0.17460317460317462
106 0.2481547619047619
107 0.22781385281385286
108 0.1861798941798942
109 0.31907679738562095
110 0.14285714285714285
111 0.2699523916629179
112 0.38712110136452244
113 0.26877777777777784
114 0.1736394557823129
115 0.020833333333333332
116 0.03472222222222223
117 0.23472222222222222
118 0.20601851851851852
119 0.2425925925925926
120 0.24675324675324675
121 0.17729276895943563
122 0.3
123 0.35839212228101114
124 0.06767676767676768
125 0.19683393070489844
126 0.27674629896852115
127 0.17473478835978834
128 0.303361263562413
129 0.43333333333333335
130 0.43149305555555556
131 0.4128395061728395
132 0.24992784992784992
133 0.3437608026893741
134 0.2165945165945166
135 0.23463573463573464
136 0.12291666666666667
137 0.20826785714285714
138 0.16192460317460317
139 0.2458291708291708
140 0.2591025641025641
141 0.2762820512820513
142 0.2018959435626102
143 0.21769841269841272
144 0.07045454545454546
145 0.17612880946214282
146 0.010204081632653057
147 0.25
148 0.18619047619047618
149 0.14560185185185187
150 0.25833333333333336
151 0.29039304993252363
152 0.16666666666666666
153 0.20718864468864467
154 0.24965986394557824
155 0.24074074074074073
156 0.33493589743589747
157 0.025000000000000005
158 0.0982142857142857
159 0.07936507936507937
160 0.17881944444444445
161 0.0373931623931624
162 0.12072649572649574
163 0.3152084843261314
164 0.31428571428571433
165 0.28367768595041326
166 0.34848484848484845
167 0.3888888888888889
168 0.2662208504801098
169 0.27416666666666667
170 0.2523809523809524
171 0.2952896948252985
172 0.2538888888888889
173 0.17480413105413106
174 0.036394557823129246
175 0.2837295227920228
176 0.2708333333333333
177 0.24444444444444446
178 1.0
179 0.08035714285714286
180 0.10714285714285714
181 0.38125000000000003
182 0.2005347593582888
183 0.3428571428571428
184 0.22999999999999998
185 0.352607709750567
186 0.3511904761904762
187 0.3354700854700855
188 0.2902777777777778
189 0.25236138184968593
190 0.3145833333333333
191 0.125
192 0.15584415584415584
193 0.14565217391304347
194 0.1111111111111111
195 0.18181818181818182
196 1.0
197 0.3125
198 0.20521052631578945
199 0.2040816326530612
200 0.25
201 0.2833333333333333
202 0.25510204081632654
203 0.2222222222222222
204 0.2585185185185186
205 0.3055555555555556
206 0.2
207 0.23333333333333334
208 0.2888888888888889
209 0.2857142857142857
210 0.33262551013228264
211 0.29839474796458604
212 0.16923076923076924
213 0.29114766081871346
214 0.375
215 0.2
216 0.2203030810873948
217 0.35
218 0.12291666666666667
219 0.22380952380952382
220 0.21314102564102566
221 0.328125
222 0.1725718725718726
223 0.15917027417027416
224 0.2623888888888889
225 0.26224603174603167
226 0.25323856209150325
227 0.24444444444444446
228 0.15547348484848486
229 0.3333255524431995
230 0.2441592394533571
231 0.27741596638655464
232 0.24891774891774893
233 0.29696969696969694
234 0.3181818181818182
235 0.19002267573696147
236 0.16590389016018306
237 0.375
238 0.35185185185185186
239 1.0
240 0.16468253968253968
241 0.33125
242 0.33229582146248815
243 0.17592592592592593
244 0.23854847494553377
245 0.24655767500236805
246 0.23052443199502023
247 0.2694444444444445
248 0.16293478260869565
249 0.18473262032085563
250 0.2666666666666667
251 0.15
252 0.15625
253 0.28267171717171713
254 0.20714285714285713
255 0.375
256 0.14067460317460317
257 0.16780045351473924
258 0.15555555555555556
259 0.11057164906075978
260 0.3209357528436475
261 0.27705043859649126
262 0.1938659147869674
263 0.2921052631578947
264 0.3946801346801347
265 0.3584183673469388
266 0.31319444444444444
267 0.30811965811965814
268 0.28915732959850604
269 0.35000000000000003
270 0.2037037037037037
271 0.18417508417508413
272 0.3888888888888889
273 0.11805555555555555
274 0.024074074074074074
275 0.30185185185185187
276 0.2792207792207792
277 0.2052479274538098
278 0.22705882352941176
279 0.20931629768528162
280 0.2790449363434113
281 0.3066666666666667
282 0.3588888888888889
283 0.11127705627705627
284 0.2525252525252525
285 0.3658008658008658
286 0.4086240148740149
287 0.3073889652014652
288 0.23926027676027675
289 0.2939542483660131
290 0.24285714285714288
291 0.33116883116883117
292 0.2651199494949495
293 0.3202442126025122
294 0.20262237762237764
295 0.18974358974358976
296 0.26871936274509806
297 0.34134615384615385
298 0.19594146594146591
299 0.18957972582972582
300 0.3383838383838384
301 0.1709314296814297
302 0.24781065088757398
303 0.25595755693581784
304 0.369047619047619
305 0.25381944444444443
306 0.3097907647907648
307 0.20714285714285716
308 0.1731904125286478
309 0.29077380952380955
310 0.35185185185185186
311 0.3166125541125541
312 0.27293981481481483
313 0.19052083333333333
314 0.2339678724053724
315 0.18787878787878787
316 0.2833333333333333
317 0.20595238095238097
318 0.2708333333333333
319 0.18155864197530863
320 0.22566666666666668
321 0.31072718131541666
322 0.21428571428571427
323 0.4236686390532544
324 0.22479591836734694
325 0.302
326 0.11730303030303031
327 0.1770974025974026
328 0.2509876543209877
329 0.13370370370370369
330 0.2412121212121212
331 0.2502146464646465
332 0.3347380952380952
333 0.2082121212121212
334 0.18058974358974358
335 0.11080246913580247
336 0.187
337 0.1778952711759036
338 0.20239217572550905
339 0.25862794612794615
340 0.24007436307856475
341 0.23376623376623373
342 0.27376928626928626
343 0.28184223184223184
344 0.2178014210734799
345 0.2625
346 0.186502574002574
347 0.25
348 0.22589285714285712
349 0.2700694444444444
350 0.30185185185185187
351 0.3327514152514153
352 0.282215647600263
353 0.30828402366863905
354 0.24540223665223665
355 0.29545454545454547
356 0.21822075619629966
357 0.2
358 0.31502525252525254
359 0.22950156839045732
360 0.2464089105339105
361 0.2659880952380952
362 0.1
363 0.2687780583613917
364 0.3016962340491752
365 0.24380165289256198
366 0.21154003267973856
367 0.23622294372294375
368 0.21339840283939665
369 0.26186779059449866
370 0.18502024291497973
371 0.1635780885780886
372 0.21616161616161617
373 0.24404761904761907
374 0.2753046585767174
375 0.2808969076732234
376 0.2864351851851852
377 0.3135989524878413
378 0.22759259259259262
379 0.20138888888888887
380 0.18833333333333335
381 0.25
382 0.39887334887334885
383 0.40024691358024694
384 0.41006172839506166
385 0.23500000000000001
386 0.2667361111111111
387 0.3416666666666666
388 0.21734006734006736
389 0.2497159090909091
390 0.2834490740740741
391 0.1754612671279338
392 0.19090909090909092
393 0.21604938271604937
394 0.2432449494949495
395 0.20535714285714285
396 0.2414814814814815
397 0.27152301864801864
398 0.294507326007326
399 0.3095238095238095
400 0.33998484721523936
401 0.3427805180930181
402 0.37549603174603174
403 0.1776347841972842
404 0.2301029526029526
405 0.28624120735231845
406 0.22658730158730153
407 0.2618165784832452
408 0.1503441070470056
409 0.2547161267850923
410 0.2534722222222222
411 0.19166666666666668
412 0.2666447903947904
413 1.0
414 0.3335813492063492
415 0.3142857142857143
416 0.26050298907441766
417 1.0
418 0.3349657287157287
419 0.2277777777777778
420 0.08333333333333333
421 0.25
422 0.16696969696969696
423 0.11829004329004329
424 0.3259838646202282
425 0.3328086419753087
426 0.18879772099880796
427 0.16220238095238096
428 0.24710144927536232
429 0.2727272727272727
430 0.2692307692307692
431 0.2882905982905983
432 0.24375000000000002
433 0.18823529411764706
434 0.21378968253968253
435 0.2677443199502023
436 0.34187409812409814
437 0.21364935064935064
438 0.2759894698620189
439 0.32086170116194623
440 0.3167129629629629
441 0.28839052287581696
442 0.21584626906318083
443 0.24463776963776962
444 0.1751430860805861
445 0.30887445887445886
446 0.29952202889702884
447 0.2604497354497355
448 0.30518518518518517
449 0.30952380952380953
450 0.16883116883116883
451 0.1638616557734205
452 0.11941098484848486
453 0.2827864583333333
454 0.22358796296296296
455 0.2891499582289056
456 0.19611672278338946
457 0.2131216931216931
458 0.2967995169082126
459 0.24007936507936506
460 0.1941137566137566
461 0.32142857142857145
462 0.3607753357753358
463 0.21932234432234432
464 0.20646076146076145
465 0.32351204351204355
466 0.2468778696051423
467 0.23953823953823958
468 0.14285714285714285
469 0.17490842490842493
470 0.2949862258953168
471 0.27083333333333337
472 0.27045454545454545
473 0.2246666666666667
474 0.21743055555555557
475 0.18660714285714283
476 0.2875
477 0.32290249433106577
478 0.17976190476190476
479 0.3173941798941799
480 0.1953125
481 0.19861111111111113
482 0.20238095238095236
483 0.21272736068111453
484 0.24108103453583027
485 0.2692307692307693
486 0.3476228632478632
487 0.26526992207139266
488 0.23917548500881836
489 0.2876388888888889
490 0.3125
491 0.16842375163596093
492 0.24649270482603816
493 0.29256714431133035
494 0.281060606060606
495 0.23058034504255434
496 0.26006944444444446
497 0.239010989010989
498 0.125
499 0.3
500 0.2878787878787879
501 0.2494949494949495
502 0.31691919191919193
503 0.17403653257311794
504 0.25492424242424244
505 0.3166456228956229
506 0.3504551004551004
507 0.2999047492468545
508 0.23160201304217531
509 0.2717917378472847
510 0.20526726016076927
511 0.3368055555555556
512 0.2499520087755382
513 0.276195638511815
514 0.16579587829587827
515 0.1974306843949701
516 0.36480508064368833
517 0.19023118085618082
518 0.16631481263834205
519 0.22407176157176156
520 0.2607423727066584
521 0.3190046065046065
522 0.26587301587301587
523 0.18807870370370372
524 0.3078703703703704
525 0.10237756071089404
526 0.3492618492618493
527 0.32857142857142857
528 0.298989898989899
529 0.24834054834054833
530 0.16215277777777776
531 0.23356603057889824
532 0.21628016591251886
533 0.29136574074074073
534 0.17658730158730157
535 0.03876811594202899
536 0.22145833333333337
537 0.20493827160493827
538 0.21686562595653508
539 0.18930041152263374
540 0.25
541 0.26541666666666663
542 0.21581196581196582
543 0.17936507936507937
544 0.20879629629629629
545 0.22954545454545452
546 0.14542748917748918
547 0.18055555555555555
548 0.25925925925925924
549 0.196969696969697
550 0.1928571428571429
551 0.30246913580246915
552 0.13761174968071518
553 0.24735449735449735
554 0.08003108003108002
555 0.17142857142857143
556 0.22392398006034372
557 0.29190476190476194
558 0.2617207792207792
559 0.2911666666666667
560 0.33843537414965985
561 0.34415584415584416
562 0.2298917748917749
563 0.19295238095238093
564 0.22173826173826175
565 0.2689444444444445
566 0.28826210826210824
567 0.2722727272727273
568 0.32827067669172927
569 0.24147727272727273
570 0.27521008403361347
571 0.24722222222222223
572 0.15178571428571427
573 0.12361111111111112
574 0.27761707988980716
575 0.1312850729517396
576 0.2185416666666667
577 0.23520833333333332
578 0.3022760770638529
579 0.17922170422170422
580 0.2890432098765432
581 0.10022141706924315
582 0.2322835729085729
583 0.27113871635610765
584 0.16138710826210828
585 0.2236842105263158
586 0.13737373737373737
587 0.13627899877899877
588 0.24066833751044278
589 0.2502697470407416
590 0.26111111111111107
591 0.2337662337662338
592 0.1625
593 0.11836956521739131
594 0.1882905138339921
595 0.12740942028985508
596 0.17031893004115228
597 0.17917135885885888
598 0.3078703703703704
599 0.2737222222222222
600 0.31951811151811155
601 0.23973973973973972
602 0.23308080808080808
603 0.2455962401795735
604 0.2716186556927298
605 0.1585064592472
606 0.2455377492877493
607 0.28610810485810484
608 0.22774771524771528
609 0.3281818181818182
610 0.2961580086580087
611 0.2625
612 0.33420138888888895
613 0.33420138888888895
614 0.44610389610389617
615 0.44610389610389617
616 0.384375
617 0.13194444444444445
618 0.0707070707070707
619 0.0707070707070707
620 0.1945752395752396
621 0.24868449451782784
622 0.1843452380952381
623 0.16816818394024277
624 0.3308469308469309
625 0.19321311858076562
626 0.25636686298451006
627 0.22166882731053858
628 0.27729665940450254
629 0.14468325791855202
630 0.2515918009715964
631 0.21763668430335095
632 0.3509259259259259
633 0.3514285714285714
634 0.3345238095238095
635 0.09597222222222221
636 0.30683113183113186
637 0.286039886039886
638 0.23878205128205127
639 0.2528146853146853

Avg. value is: 0.2474761186430935
