1 0.16444444444444445
2 0.15714285714285717
3 0.18683385579937306
4 0.29861111111111105
5 0.24188034188034188
6 0.18439814814814817
7 0.3194088319088319
8 0.3
9 0.20373376623376627
10 0.17196969696969697
11 0.3888888888888889
12 0.3218344155844156
13 0.3064814814814815
14 0.3538510101010101
15 0.2947331740342493
16 0.19984086726478031
17 0.1861528326745718
18 0.3110379153857415
19 0.35177865612648224
20 0.2586306269363951
21 0.38158931796457957
22 0.266540404040404
23 0.14204545454545453
24 0.14608134920634921
25 0.25370370370370376
26 0.2735507246376812
27 0.21759259259259262
28 0.25
29 0.05555555555555555
30 0.14054232804232802
31 0.24301948051948055
32 0.2005772005772006
33 0.18518518518518517
34 0.19964387464387467
35 0.14043209876543208
36 0.14285714285714285
37 0.0625
38 0.2625
39 0.20535714285714285
40 0.20021645021645024
41 0.22152777777777777
42 0.17420814479638008
43 0.2916666666666667
44 0.2605820105820106
45 0.3055555555555555
46 0.22196969696969698
47 0.20402724590224594
48 0.2916666666666667
49 0.3888888888888889
50 0.22916666666666666
51 0.2025641025641026
52 0.22661900065746218
53 0.27999999999999997
54 0.10285714285714284
55 0.1766975308641975
56 0.11799206141878556
57 0.33187134502923976
58 0.23939393939393938
59 0.38461538461538464
60 0.2791666666666667
61 0.29382522239665093
62 0.14918236525379383
63 0.22023809523809526
64 0.2818181818181818
65 0.23451178451178453
66 0.15343915343915343
67 0.22535087719298247
68 0.33505468215994527
69 0.25720361509835193
70 0.05782312925170068
71 0.176421410567752
72 0.03703703703703704
73 0.2858024691358025
74 0.33834375501042163
75 0.15068027210884358
76 0.29760401635401634
77 0.18873757415424078
78 0.20624916633319998
79 0.21029202279202278
80 0.20672987143575378
81 0.20669934640522877
82 0.2400132275132275
83 0.12222222222222223
84 0.25555555555555554
85 0.09722222222222222
86 0.1
87 0.18444444444444447
88 0.2024603174603175
89 0.18483245149911814
90 0.2982677045177045
91 0.2628353338580611
92 0.3131313131313131
93 0.30952380952380953
94 0.21182058682058683
95 0.1590909090909091
96 0.2285714285714286
97 0.274848828420257
98 0.3187830687830688
99 1.0
100 0.2343158143939394
101 0.08125000000000002
102 0.13973110223110222
103 0.19696969696969696
104 0.22222222222222224
105 0.16666666666666666
106 0.24744047619047618
107 0.18253119429590017
108 0.19755651755651754
109 0.26964497920380276
110 0.18571428571428572
111 0.309312678062678
112 0.3785056658740869
113 0.29781818181818187
114 0.17244897959183672
115 0.02777777777777778
116 0.04166666666666668
117 0.26944444444444443
118 0.20601851851851852
119 0.2111111111111111
120 0.24675324675324675
121 0.12101571268237936
122 0.3
123 0.3592151675485009
124 0.06022727272727273
125 0.22152528872958982
126 0.23345091122868902
127 0.1733392857142857
128 0.18669459689574633
129 0.43333333333333335
130 0.41875
131 0.41333333333333333
132 0.1875
133 0.3009603491746349
134 0.166504329004329
135 0.2169312169312169
136 0.18023809523809525
137 0.23229383116883115
138 0.2831547619047619
139 0.25216450216450215
140 0.22243589743589745
141 0.2762820512820513
142 0.2018959435626102
143 0.20555555555555555
144 0.07045454545454546
145 0.21504629629629632
146 0.010204081632653057
147 0.25
148 0.18619047619047618
149 0.14560185185185187
150 0.20714285714285713
151 0.2167819388214125
152 0.11904761904761904
153 0.20718864468864467
154 0.20272108843537412
155 0.14743589743589747
156 0.33493589743589747
157 0.020138888888888897
158 0.11140873015873015
159 0.0
160 0.1527777777777778
161 0.0373931623931624
162 0.0
163 0.2312091503267974
164 0.31428571428571433
165 0.28367768595041326
166 0.3181818181818182
167 0.3888888888888889
168 0.2680727023319616
169 0.2758333333333333
170 0.3026688453159041
171 0.28201088127558716
172 0.24942810457516337
173 0.2083110754985755
174 0.12003968253968253
175 0.18991656491656492
176 0.33823891625615765
177 0.24904684095860563
178 1.0
179 0.14285714285714285
180 0.11904761904761904
181 0.38125000000000003
182 0.2005347593582888
183 0.3428571428571428
184 0.22999999999999998
185 0.22222222222222218
186 0.26362942612942614
187 0.24936868686868688
188 0.24212962962962964
189 0.19458360407190817
190 0.3145833333333333
191 0.125
192 0.14935064935064934
193 0.14565217391304347
194 0.1111111111111111
195 0.18181818181818182
196 1.0
197 0.3125
198 0.20521052631578945
199 0.2040816326530612
200 0.25
201 0.2833333333333333
202 0.2959183673469387
203 0.2222222222222222
204 0.25574074074074077
205 0.26543209876543206
206 0.2
207 0.19958847736625515
208 0.2888888888888889
209 0.2857142857142857
210 0.33262551013228264
211 0.29491489448473257
212 0.16923076923076924
213 0.17550877192982456
214 0.375
215 0.2
216 0.22039126450891156
217 0.35
218 0.12410714285714286
219 0.225
220 0.21446377696377697
221 0.328125
222 0.2976689976689977
223 0.16025252525252526
224 0.2623888888888889
225 0.26343650793650786
226 0.25323856209150325
227 0.24563492063492065
228 0.15585377585377586
229 0.3333255524431995
230 0.2449528902470079
231 0.27741596638655464
232 0.22645687645687645
233 0.29805194805194807
234 0.3181818181818182
235 0.2947845804988662
236 0.16590389016018306
237 0.375
238 0.35185185185185186
239 1.0
240 0.16468253968253968
241 0.33125
242 0.3943165784832452
243 0.17592592592592593
244 0.22511500391402353
245 0.2667755107093342
246 0.26443850267379676
247 0.24880952380952376
248 0.09285714285714285
249 0.16942577953447518
250 0.2666666666666667
251 0.15
252 0.15625
253 0.28267171717171713
254 0.20714285714285713
255 0.375
256 0.08035714285714286
257 0.17006802721088435
258 0.09523809523809523
259 0.12987364336275406
260 0.3171448017312679
261 0.2779051394511921
262 0.19499534091639353
263 0.2916666666666667
264 0.3912962962962963
265 0.2959183673469387
266 0.28194444444444444
267 0.3076923076923077
268 0.28915732959850604
269 0.35000000000000003
270 0.09374999999999999
271 0.2296296296296296
272 0.3888888888888889
273 0.11805555555555555
274 0.10699588477366255
275 0.301440329218107
276 0.2792207792207792
277 0.15282894736842106
278 0.2107142857142857
279 0.20135787701577176
280 0.24354657687991021
281 0.258974358974359
282 0.2688888888888889
283 0.11127705627705627
284 0.2545454545454546
285 0.3658008658008658
286 0.3829517704517705
287 0.2979414682539682
288 0.23915343915343915
289 0.39444444444444443
290 0.35656565656565653
291 0.33116883116883117
292 0.39285714285714285
293 0.2932692307692308
294 0.20192307692307693
295 0.18974358974358976
296 0.2682291666666667
297 0.34134615384615385
298 0.1728395061728395
299 0.21858833478899273
300 0.3383838383838384
301 0.2721056721056721
302 0.24426035502958582
303 0.255
304 0.35714285714285715
305 0.21473214285714284
306 0.30199404761904763
307 0.20714285714285716
308 0.17467850776674304
309 0.2475808913308913
310 0.35185185185185186
311 0.3181818181818182
312 0.23923747276688456
313 0.1953125
314 0.2384943181818182
315 0.13903743315508021
316 0.2833333333333333
317 0.20595238095238097
318 0.2708333333333333
319 0.17796296296296296
320 0.21363636363636362
321 0.3133489876136935
322 0.21428571428571427
323 0.4230769230769231
324 0.22193877551020405
325 0.3
326 0.1316919191919192
327 0.17343073593073594
328 0.2469135802469136
329 0.12962962962962962
330 0.17215007215007214
331 0.2471590909090909
332 0.33107142857142857
333 0.20454545454545453
334 0.17692307692307693
335 0.09722222222222222
336 0.1833333333333333
337 0.09022366522366523
338 0.20085778419111755
339 0.2569444444444445
340 0.2491627420198849
341 0.23376623376623373
342 0.26290376290376294
343 0.27698412698412694
344 0.1994107744107744
345 0.18055555555555555
346 0.10256410256410257
347 0.2
348 0.22295093795093798
349 0.26683333333333337
350 0.2996656378600824
351 0.33276644651644643
352 0.28315018315018314
353 0.3076923076923077
354 0.24439051689051683
355 0.29545454545454547
356 0.17800925925925926
357 0.2
358 0.3125
359 0.25462962962962965
360 0.24955537518037518
361 0.2623214285714286
362 0.1
363 0.2555555555555556
364 0.283442265795207
365 0.24380165289256198
366 0.17820669934640523
367 0.28273809523809523
368 0.21339840283939665
369 0.26186779059449866
370 0.1846153846153846
371 0.16287878787878787
372 0.21464646464646464
373 0.24404761904761907
374 0.29959530962204756
375 0.27704098891018397
376 0.23288255360623777
377 0.2847736625514403
378 0.2273809523809524
379 0.23295454545454541
380 0.203125
381 0.19791666666666666
382 0.39748445998446
383 0.4
384 0.40858024691358025
385 0.23500000000000001
386 0.2822222222222222
387 0.3416666666666666
388 0.2179575223782541
389 0.2497159090909091
390 0.32551544860368387
391 0.1927587844254511
392 0.20552112029384756
393 0.21666666666666667
394 0.2858261762005078
395 0.20535714285714285
396 0.22839506172839505
397 0.2697537878787879
398 0.2938492063492063
399 0.3095238095238095
400 0.30269306310972977
401 0.33351544289044294
402 0.32514880952380953
403 0.16894014550264552
404 0.2664141414141414
405 0.257524985302763
406 0.14659863945578233
407 0.2104367672995124
408 0.13744153055747257
409 0.2541100661790317
410 0.25595238095238093
411 0.19090909090909092
412 0.26180555555555557
413 1.0
414 0.3335813492063492
415 0.3125
416 0.2738816738816739
417 1.0
418 0.31805555555555554
419 0.20833333333333334
420 0.08333333333333333
421 0.25
422 0.271969696969697
423 0.1278756957328386
424 0.3139430014430014
425 0.3328086419753087
426 0.2294871794871795
427 0.2088293650793651
428 0.24
429 0.2727272727272727
430 0.2692307692307692
431 0.2882905982905983
432 0.24375000000000002
433 0.13461538461538464
434 0.21378968253968253
435 0.2663554310613134
436 0.33067129629629627
437 0.2
438 0.24186307519640854
439 0.2876543209876543
440 0.3055555555555556
441 0.24722222222222223
442 0.2305871212121212
443 0.24625220458553793
444 0.13968635531135531
445 0.31042568542568544
446 0.2741142884892885
447 0.20648148148148146
448 0.30993386243386245
449 0.34168724279835394
450 0.2012987012987013
451 0.20445601851851852
452 0.12345643939393942
453 0.18216145833333336
454 0.23414351851851853
455 0.28849206349206347
456 0.19765993265993265
457 0.2131216931216931
458 0.27307266505636074
459 0.24140211640211642
460 0.24089706589706586
461 0.32142857142857145
462 0.3607295482295483
463 0.26173687423687425
464 0.20419580419580421
465 0.2948504273504274
466 0.1438131313131313
467 0.23953823953823958
468 0.08333333333333333
469 0.17490842490842493
470 0.28195592286501375
471 0.3333333333333333
472 0.3333333333333333
473 0.2246666666666667
474 0.21743055555555557
475 0.2076455026455027
476 0.27175925925925926
477 0.32290249433106577
478 0.18259637188208616
479 0.3173941798941799
480 0.1388888888888889
481 0.2796296296296296
482 0.20238095238095236
483 0.21075367647058824
484 0.24108103453583027
485 0.2692307692307693
486 0.35182387057387055
487 0.19439484126984127
488 0.23917548500881836
489 0.2884325396825397
490 0.3125
491 0.16530920124670126
492 0.24649270482603816
493 0.23931081986637548
494 0.281060606060606
495 0.22921144483644484
496 0.26006944444444446
497 0.20432692307692307
498 0.125
499 0.3
500 0.2727272727272727
501 0.1735103785103785
502 0.31691919191919193
503 0.17412307195048932
504 0.2047105672105672
505 0.29696969696969705
506 0.33653846153846156
507 0.31296296296296294
508 0.23221251365267592
509 0.23570673185277646
510 0.20592863582214493
511 0.33779761904761907
512 0.2499520087755382
513 0.27690788922406573
514 0.15384615384615385
515 0.19632335257335257
516 0.24253968253968256
517 0.19179092512425844
518 0.16683882566235508
519 0.2263662263662264
520 0.25980038480038475
521 0.33823213823213827
522 0.26587301587301587
523 0.2320601851851852
524 0.35185185185185186
525 0.10237756071089404
526 0.3492618492618493
527 0.32857142857142857
528 0.298989898989899
529 0.24834054834054833
530 0.28076073232323234
531 0.19791666666666669
532 0.2951492135315665
533 0.29074074074074074
534 0.17843915343915345
535 0.042934782608695654
536 0.12962962962962962
537 0.20493827160493827
538 0.21686562595653508
539 0.18930041152263374
540 0.25
541 0.2976767676767677
542 0.21581196581196582
543 0.17936507936507937
544 0.19837962962962963
545 0.18402777777777776
546 0.11833333333333333
547 0.18055555555555555
548 0.25925925925925924
549 0.196969696969697
550 0.1928571428571429
551 0.30246913580246915
552 0.13761174968071518
553 0.24735449735449735
554 0.11589901867679646
555 0.24351851851851852
556 0.2540223665223666
557 0.2823809523809524
558 0.2583874458874459
559 0.25833333333333336
560 0.2547619047619048
561 0.3325757575757576
562 0.22727272727272727
563 0.18928571428571428
564 0.21840492840492842
565 0.2652777777777778
566 0.2841880341880342
567 0.268939393939394
568 0.32827067669172927
569 0.24147727272727273
570 0.27521008403361347
571 0.2577441077441078
572 0.17424242424242425
573 0.09246632996632996
574 0.2538533436260709
575 0.16739618406285073
576 0.21735042735042737
577 0.23520757020757022
578 0.2912391106835551
579 0.17922170422170422
580 0.3519468186134853
581 0.08333333333333333
582 0.1264520202020202
583 0.32083333333333336
584 0.15833333333333335
585 0.2236842105263158
586 0.13636363636363635
587 0.13392857142857142
588 0.23955722639933164
589 0.2360358617131063
590 0.26111111111111107
591 0.2337662337662338
592 0.1625
593 0.12428226363008972
594 0.1882905138339921
595 0.1284489302967564
596 0.17269988242210463
597 0.17986580330330332
598 0.28538359788359785
599 0.33516305916305916
600 0.3162884337884338
601 0.18418418418418417
602 0.1975108225108225
603 0.2455962401795735
604 0.2716186556927298
605 0.15982921056995134
606 0.20125
607 0.2846648301193756
608 0.252089072543618
609 0.331439393939394
610 0.2873737373737374
611 0.2575
612 0.3692708333333333
613 0.3692708333333333
614 0.44610389610389617
615 0.44610389610389617
616 0.384375
617 0.16030092592592593
618 0.0
619 0.0
620 0.19583333333333336
621 0.24917200854700852
622 0.1843452380952381
623 0.10575396825396827
624 0.33132978132978136
625 0.19070767195767196
626 0.2217286948517599
627 0.19318181818181818
628 0.2786492374727669
629 0.14423076923076922
630 0.2181878306878307
631 0.1746031746031746
632 0.3571047008547008
633 0.35
634 0.3333333333333333
635 0.19333333333333333
636 0.35961826239604017
637 0.24019129019129024
638 0.2130244755244755
639 0.19482323232323231

Avg. value is: 0.2431334145423348
