1 1.0
2 0.24551066217732884
3 0.24551066217732884
4 1.0
5 1.0
6 0.3333333333333333
7 0.3333333333333333
8 0.3333333333333333
9 0.3020833333333333
10 1.0
11 1.0
12 0.38425925925925924
13 0.38425925925925924
14 0.43537414965986393
15 1.0
16 1.0
17 0.32666666666666666
18 0.32666666666666666
19 0.29166666666666663
20 0.29166666666666663
21 0.29166666666666663
22 0.42348484848484846
23 0.050000000000000024
24 0.050000000000000024
25 1.0
26 1.0
27 0.34910052910052913
28 0.34910052910052913
29 0.34910052910052913
30 1.0
31 1.0
32 0.2074074074074074
33 0.2074074074074074
34 0.3761904761904762
35 1.0
36 1.0
37 0.3609708193041526
38 0.3609708193041526
39 0.3609708193041526
40 0.2222222222222222
41 1.0
42 1.0
43 0.39675925925925926
44 0.28188131313131315
45 1.0
46 1.0
47 1.0
48 1.0
49 1.0
50 1.0
51 0.08456790123456788
52 0.39166666666666666
53 1.0
54 1.0
55 1.0
56 1.0
57 0.3675895400895401
58 0.3675895400895401
59 1.0
60 1.0
61 0.15863095238095237
62 0.15863095238095237
63 0.35352564102564105
64 0.35352564102564105
65 1.0
66 1.0
67 1.0
68 1.0
69 1.0
70 1.0
71 1.0
72 1.0
73 1.0
74 1.0
75 0.32222222222222224
76 0.32222222222222224
77 0.04012345679012347
78 0.04012345679012347
79 0.26837606837606837
80 0.26837606837606837
81 1.0
82 1.0
83 1.0
84 1.0
85 1.0
86 1.0
87 0.12643251809918477
88 0.4166666666666667
89 0.4166666666666667
90 0.3761904761904762
91 0.3761904761904762
92 0.4177489177489177
93 0.4177489177489177
94 1.0
95 0.4157575757575757
96 1.0
97 0.19375
98 0.19375
99 1.0
100 1.0
101 0.18726851851851853
102 0.18726851851851853
103 0.39166666666666666
104 0.39166666666666666
105 0.23247863247863246
106 0.3190476190476191
107 1.0
108 1.0
109 1.0
110 0.2013888888888889
111 0.38095238095238093
112 1.0
113 1.0
114 1.0
115 0.23055555555555557
116 0.23055555555555557
117 0.23055555555555557
118 1.0
119 0.3055555555555556
120 1.0
121 1.0
122 1.0
123 0.3869047619047619
124 0.3869047619047619
125 1.0
126 1.0
127 0.43618233618233615
128 0.43618233618233615
129 0.3402866809116809
130 0.3402866809116809
131 0.4454365079365079
132 0.4454365079365079
133 1.0
134 1.0
135 0.2833333333333333
136 0.2833333333333333
137 0.39067460317460323
138 0.39067460317460323
139 0.4304843304843305
140 0.37389770723104054
141 1.0
142 1.0
143 1.0
144 0.3444444444444445
145 0.3444444444444445
146 0.3444444444444445
147 0.1388888888888889
148 0.1388888888888889
149 0.3371212121212121
150 0.3371212121212121
151 1.0
152 0.35167780562517403
153 0.35167780562517403
154 0.35167780562517403
155 1.0
156 1.0
157 0.2125
158 0.23769841269841271
159 0.23769841269841271
160 1.0
161 1.0
162 1.0
163 0.3
164 0.4303409090909091
165 1.0
166 1.0
167 0.2183922558922559
168 0.35555555555555557
169 0.4322344322344322
170 0.4322344322344322
171 0.43742690058479533
172 0.43742690058479533
173 0.43742690058479533
174 1.0
175 1.0
176 1.0
177 0.4087301587301588
178 1.0
179 1.0
180 1.0
181 0.24151234567901236
182 0.24151234567901236
183 0.42023809523809524
184 0.42023809523809524
185 0.42023809523809524
186 0.19444444444444442
187 1.0
188 0.35826210826210825
189 0.35826210826210825
190 0.35826210826210825
191 0.3032879818594104
192 0.3032879818594104
193 0.3032879818594104
194 0.3505291005291005
195 0.041666666666666685
196 0.041666666666666685
197 1.0
198 1.0
199 0.29166666666666663
200 0.29166666666666663
201 1.0
202 1.0
203 1.0
204 1.0
205 0.4424603174603175
206 0.4424603174603175
207 0.38076923076923075
208 0.38076923076923075
209 0.38076923076923075
210 0.07196969696969696
211 1.0
212 1.0
213 1.0
214 1.0
215 0.09764309764309759
216 0.09764309764309759
217 0.09764309764309759
218 0.13762626262626262
219 0.13762626262626262
220 0.39675925925925926
221 0.39675925925925926
222 1.0
223 1.0
224 0.16666666666666669
225 0.16666666666666669
226 1.0
227 0.2777777777777778
228 0.2777777777777778
229 0.2777777777777778
230 0.46111111111111114
231 0.46111111111111114
232 0.46111111111111114
233 1.0
234 1.0
235 0.3340740740740741
236 0.3340740740740741
237 0.1681577681577682
238 0.1681577681577682
239 1.0
240 1.0
241 0.35651515151515156
242 0.35651515151515156
243 0.35651515151515156
244 0.32222222222222224
245 0.32222222222222224
246 1.0
247 1.0
248 1.0
249 0.2683862433862434
250 0.425462962962963
251 0.425462962962963
252 1.0
253 0.43518518518518523
254 0.43518518518518523
255 0.43518518518518523
256 1.0
257 0.3611111111111111
258 0.3611111111111111
259 1.0
260 1.0
261 1.0
262 1.0
263 1.0
264 0.4303409090909091
265 1.0
266 1.0
267 1.0
268 1.0
269 1.0
270 0.184375
271 1.0
272 1.0
273 1.0
274 1.0
275 1.0
276 0.12169312169312169
277 0.12169312169312169
278 0.2777777777777778
279 0.2777777777777778
280 0.30208333333333337
281 0.30208333333333337
282 0.30208333333333337
283 1.0
284 1.0
285 1.0
286 1.0
287 0.292018167018167
288 0.292018167018167
289 0.2111111111111111
290 0.2111111111111111
291 0.2111111111111111
292 0.44696969696969696
293 1.0
294 1.0
295 0.25753968253968257
296 0.25753968253968257
297 0.25753968253968257
298 0.06522817460317461
299 0.06522817460317461
300 0.06522817460317461
301 0.0970959595959596
302 1.0
303 1.0
304 0.2074074074074074
305 0.2074074074074074
306 0.3658119658119658
307 0.46501322751322755
308 0.46501322751322755
309 0.2833333333333333
310 1.0
311 1.0
312 1.0
313 0.41001157407407407
314 0.29166666666666663
315 0.29166666666666663
316 0.29166666666666663
317 1.0
318 0.41797385620915034
319 0.22000000000000003
320 1.0
321 0.4304843304843305
322 0.328125
323 0.328125
324 0.24779541446208111
325 1.0
326 1.0
327 0.33352873977873976
328 0.33352873977873976
329 0.33352873977873976
330 0.41597522847522844
331 0.41597522847522844
332 1.0
333 0.047619047619047616
334 0.37493686868686865
335 0.34404761904761905
336 1.0
337 0.3055555555555556
338 0.3055555555555556
339 0.4296296296296296
340 0.4296296296296296
341 1.0
342 0.38941112899446234
343 0.38941112899446234
344 0.38941112899446234
345 0.31333333333333335
346 0.31333333333333335
347 0.31333333333333335
348 1.0
349 1.0
350 1.0
351 0.40064935064935064
352 0.19166666666666665
353 0.19166666666666665
354 0.2633333333333333
355 0.43809523809523804
356 0.43809523809523804
357 1.0
358 0.3333333333333333
359 1.0
360 1.0
361 1.0
362 0.175
363 0.175
364 1.0
365 1.0
366 1.0
367 1.0
368 1.0
369 1.0
370 1.0
371 1.0
372 1.0
373 0.29861111111111116
374 0.29861111111111116
375 0.23880070546737212
376 0.23880070546737212
377 1.0
378 1.0
379 1.0
380 0.23982730232730232
381 0.23982730232730232
382 0.35185185185185186
383 0.35185185185185186
384 0.2791666666666667
385 0.2791666666666667
386 0.2791666666666667
387 0.42824074074074076
388 1.0
389 0.18686868686868685
390 0.18686868686868685
391 0.3039529914529915
392 0.3039529914529915
393 0.3371212121212121
394 0.3371212121212121
395 1.0
396 0.4916666666666667
397 1.0
398 1.0
399 0.39166666666666666
400 0.1820947570947571
401 0.16005291005291003
402 0.16666666666666666
403 0.16666666666666666
404 1.0
405 1.0
406 0.15208333333333335
407 0.15208333333333335
408 0.27968030646602077
409 0.27968030646602077
410 0.4025297619047619
411 0.4025297619047619
412 0.4025297619047619
413 0.24688109161793376
414 0.24688109161793376
415 1.0
416 0.24031986531986532
417 0.35959595959595964
418 0.35959595959595964
419 0.35959595959595964
420 1.0
421 1.0
422 0.21538461538461537
423 0.4163170163170163
424 0.4163170163170163
425 0.4163170163170163
426 1.0
427 1.0
428 1.0
429 1.0
430 1.0
431 0.2833333333333333
432 0.2833333333333333
433 1.0
434 1.0
435 0.4606060606060606
436 1.0
437 1.0
438 1.0
439 1.0
440 1.0
441 1.0
442 1.0
443 1.0
444 1.0
445 0.4274928774928775
446 0.4274928774928775
447 1.0
448 1.0
449 1.0
450 1.0
451 1.0
452 0.4083333333333333
453 0.4083333333333333
454 1.0
455 1.0
456 1.0
457 0.2858197358197358
458 1.0
459 1.0
460 0.33950011628583054
461 0.33950011628583054
462 0.33950011628583054
463 1.0
464 1.0
465 1.0
466 1.0
467 1.0
468 0.2107614607614608
469 0.21388888888888888
470 0.21388888888888888
471 0.21388888888888888
472 0.0818181818181818
473 0.0818181818181818
474 1.0
475 1.0
476 1.0
477 0.34785353535353536
478 0.34785353535353536
479 0.34920634920634924
480 0.34920634920634924
481 0.3478835978835979
482 0.3478835978835979
483 0.16666666666666666
484 0.4398268398268398
485 0.4316955266955267
486 0.4316955266955267
487 0.4316955266955267
488 0.45666666666666667
489 0.3207407407407407
490 0.3207407407407407
491 0.3207407407407407
492 0.11963383838383838
493 1.0
494 1.0
495 1.0
496 1.0
497 1.0
498 1.0
499 0.39166666666666666
500 0.39166666666666666
501 0.39166666666666666
502 0.36540296123629457
503 0.3166666666666667
504 1.0
505 0.4253968253968254
506 0.4253968253968254
507 0.4253968253968254
508 1.0
509 0.35185185185185186
510 1.0
511 1.0
512 1.0
513 1.0
514 1.0
515 1.0
516 1.0
517 1.0
518 1.0
519 0.28274410774410774
520 0.28274410774410774
521 1.0
522 0.2619047619047619
523 0.041666666666666685
524 0.041666666666666685
525 0.36234567901234566
526 0.3388359788359788
527 0.3388359788359788
528 1.0
529 1.0
530 1.0
531 1.0
532 1.0
533 0.2409611992945326
534 0.2409611992945326
535 1.0
536 1.0
537 1.0
538 0.15515873015873016
539 0.15515873015873016
540 0.2987012987012987
541 1.0
542 1.0
543 0.1626984126984127
544 0.1626984126984127
545 0.1626984126984127
546 0.10493827160493828
547 0.44477513227513227
548 0.44477513227513227
549 0.44477513227513227
550 1.0
551 1.0
552 1.0
553 0.2259366148255037
554 0.2259366148255037
555 0.34867724867724864
556 0.34867724867724864
557 0.34867724867724864
558 0.26845238095238094
559 0.4111111111111111
560 0.4111111111111111
561 1.0
562 1.0
563 1.0
564 0.3427059052059052
565 0.3427059052059052
566 1.0
567 1.0
568 0.4133333333333333
569 0.4133333333333333
570 0.2653439153439153
571 0.2653439153439153
572 1.0
573 1.0
574 1.0
575 1.0
576 1.0
577 1.0
578 1.0
579 0.12962962962962965
580 0.29973023300229185
581 0.29973023300229185
582 0.25492216117216115
583 0.25492216117216115
584 1.0
585 1.0
586 1.0
587 1.0
588 1.0
589 0.4526643990929705
590 0.4526643990929705
591 1.0
592 0.4103219696969697
593 0.4103219696969697
594 0.4103219696969697
595 0.35185185185185186
596 0.2685185185185185
597 0.2685185185185185
598 1.0
599 1.0
600 1.0
601 0.22544091710758377
602 1.0
603 0.22453703703703706
604 0.22453703703703706
605 0.22453703703703706
606 0.3333333333333333
607 0.4683333333333334
608 1.0
609 1.0
610 1.0
611 1.0
612 1.0
613 0.2666666666666667
614 0.2666666666666667
615 1.0
616 0.20833333333333331
617 0.20833333333333331
618 1.0
619 1.0
620 1.0
621 1.0
622 1.0
623 1.0
624 0.37500526094276093
625 0.37500526094276093
626 0.37500526094276093
627 1.0
628 0.2738095238095238
629 0.2738095238095238
630 0.32299382716049385
631 0.32299382716049385
632 0.3084325396825397
633 0.3084325396825397
634 0.3084325396825397
635 0.345679012345679
636 0.345679012345679
637 0.345679012345679
638 1.0
639 1.0
640 0.2655092592592592
641 0.2655092592592592
642 0.3611111111111111
643 0.3611111111111111
644 0.4861111111111111
645 0.4861111111111111
646 0.4861111111111111
647 1.0
648 0.25529100529100535
649 0.3861552028218695
650 0.3861552028218695
651 0.40069444444444446
652 1.0
653 1.0
654 1.0
655 1.0
656 0.3262471655328798
657 0.3262471655328798
658 0.3262471655328798
659 1.0
660 1.0
661 1.0
662 0.21190132618704047
663 0.3191336441336441
664 0.3191336441336441
665 0.23072916666666665
666 0.38572230238896904
667 0.38572230238896904
668 1.0
669 1.0
670 1.0
671 0.3942841880341881
672 1.0
673 1.0
674 1.0
675 0.3820145903479237
676 0.3820145903479237
677 0.394269492308708
678 1.0
679 1.0
680 0.34685479129923574
681 0.34685479129923574
682 1.0
683 0.08333333333333331
684 1.0
685 1.0
686 1.0
687 1.0
688 0.3717592592592593
689 0.3717592592592593
690 0.3717592592592593
691 0.4571428571428572
692 0.4571428571428572
693 0.3097442680776014
694 0.3097442680776014
695 0.43885281385281383
696 0.2555715889049222
697 0.2555715889049222
698 1.0
699 0.39166666666666666
700 0.39166666666666666
701 1.0
702 1.0
703 1.0
704 1.0
705 1.0
706 1.0
707 1.0
708 1.0
709 0.3231999481999482
710 0.3231999481999482
711 0.4305555555555556
712 0.24869047619047618
713 0.24869047619047618
714 0.24869047619047618
715 0.31828703703703703
716 0.31828703703703703
717 0.31828703703703703
718 1.0
719 1.0

Avg. value is: 0.2842650814937763
