1 0.4337121212121212
2 0.15942760942760942
3 0.15942760942760942
4 1.0
5 1.0
6 1.0
7 1.0
8 1.0
9 0.40803872053872053
10 1.0
11 1.0
12 1.0
13 1.0
14 0.4512471655328798
15 1.0
16 1.0
17 0.24006362889983582
18 0.24006362889983582
19 0.4071428571428571
20 0.4071428571428571
21 0.4071428571428571
22 1.0
23 0.24841269841269842
24 0.24841269841269842
25 1.0
26 1.0
27 0.29989417989417994
28 0.29989417989417994
29 0.29989417989417994
30 1.0
31 1.0
32 0.26027479091995226
33 0.26027479091995226
34 1.0
35 0.4305958132045088
36 0.4305958132045088
37 0.4024691358024692
38 0.4024691358024692
39 0.4024691358024692
40 0.414021164021164
41 1.0
42 1.0
43 1.0
44 0.3993055555555556
45 1.0
46 1.0
47 1.0
48 1.0
49 1.0
50 1.0
51 0.2733333333333333
52 1.0
53 1.0
54 1.0
55 1.0
56 1.0
57 0.4591239316239316
58 0.4591239316239316
59 1.0
60 1.0
61 0.4305555555555556
62 0.4305555555555556
63 0.3510416666666667
64 0.3510416666666667
65 1.0
66 1.0
67 1.0
68 1.0
69 1.0
70 1.0
71 1.0
72 1.0
73 1.0
74 1.0
75 1.0
76 1.0
77 0.0756172839506173
78 0.0756172839506173
79 1.0
80 1.0
81 1.0
82 1.0
83 1.0
84 1.0
85 1.0
86 1.0
87 0.2186126878266277
88 0.3333333333333333
89 0.3333333333333333
90 0.3761904761904762
91 0.3761904761904762
92 0.4588744588744589
93 0.4588744588744589
94 1.0
95 1.0
96 1.0
97 0.48023244385473485
98 0.48023244385473485
99 1.0
100 1.0
101 0.19230006105006103
102 0.19230006105006103
103 0.39166666666666666
104 0.39166666666666666
105 0.42777777777777776
106 1.0
107 1.0
108 1.0
109 1.0
110 0.28107638888888886
111 0.5322311635382122
112 1.0
113 1.0
114 1.0
115 0.3388888888888889
116 0.3388888888888889
117 0.3388888888888889
118 1.0
119 1.0
120 1.0
121 1.0
122 1.0
123 1.0
124 1.0
125 1.0
126 1.0
127 1.0
128 1.0
129 1.0
130 1.0
131 0.4248291446208113
132 0.4248291446208113
133 1.0
134 1.0
135 0.31931818181818183
136 0.31931818181818183
137 0.3666666666666667
138 0.3666666666666667
139 1.0
140 1.0
141 1.0
142 1.0
143 1.0
144 1.0
145 1.0
146 1.0
147 0.3796296296296296
148 0.3796296296296296
149 0.296037296037296
150 0.296037296037296
151 1.0
152 0.37313988095238093
153 0.37313988095238093
154 0.37313988095238093
155 1.0
156 1.0
157 0.20124825153560788
158 0.19452861952861955
159 0.19452861952861955
160 1.0
161 1.0
162 1.0
163 0.30757575757575756
164 0.43553571428571425
165 1.0
166 1.0
167 0.4014014014014014
168 1.0
169 1.0
170 1.0
171 1.0
172 1.0
173 1.0
174 1.0
175 1.0
176 1.0
177 1.0
178 1.0
179 1.0
180 1.0
181 0.4012345679012346
182 0.4012345679012346
183 0.341468253968254
184 0.341468253968254
185 0.341468253968254
186 0.30336257309941517
187 1.0
188 0.43878600823045266
189 0.43878600823045266
190 0.43878600823045266
191 0.431077694235589
192 0.431077694235589
193 0.431077694235589
194 0.36838624338624343
195 0.3288793103448276
196 0.3288793103448276
197 1.0
198 0.29166666666666663
199 0.3
200 0.3
201 1.0
202 1.0
203 1.0
204 1.0
205 1.0
206 1.0
207 0.4605600539811066
208 0.4605600539811066
209 0.4605600539811066
210 0.15071732505318844
211 1.0
212 0.4213624338624339
213 0.4213624338624339
214 1.0
215 0.39537037037037037
216 0.39537037037037037
217 0.39537037037037037
218 0.3076604148905939
219 0.3076604148905939
220 0.41377314814814814
221 0.41377314814814814
222 1.0
223 1.0
224 1.0
225 1.0
226 1.0
227 0.352234753550543
228 0.352234753550543
229 0.352234753550543
230 1.0
231 1.0
232 1.0
233 1.0
234 1.0
235 0.39629629629629626
236 0.39629629629629626
237 0.3569925444925445
238 0.3569925444925445
239 1.0
240 1.0
241 1.0
242 1.0
243 1.0
244 1.0
245 1.0
246 1.0
247 1.0
248 1.0
249 0.24797378547378549
250 0.45833333333333337
251 0.45833333333333337
252 1.0
253 1.0
254 1.0
255 1.0
256 1.0
257 1.0
258 1.0
259 1.0
260 1.0
261 0.4174074074074074
262 1.0
263 1.0
264 1.0
265 0.4431677890011223
266 0.4431677890011223
267 1.0
268 1.0
269 1.0
270 1.0
271 1.0
272 1.0
273 1.0
274 1.0
275 1.0
276 1.0
277 1.0
278 1.0
279 1.0
280 0.10155316606929513
281 0.10155316606929513
282 0.10155316606929513
283 1.0
284 1.0
285 1.0
286 1.0
287 0.4009259259259259
288 0.4009259259259259
289 1.0
290 1.0
291 1.0
292 0.4143474931585951
293 1.0
294 1.0
295 0.455026455026455
296 0.455026455026455
297 0.455026455026455
298 0.41865079365079366
299 0.41865079365079366
300 0.41865079365079366
301 0.1820769946686276
302 1.0
303 1.0
304 0.3573232323232323
305 0.3573232323232323
306 0.3738562091503268
307 0.46501322751322755
308 0.46501322751322755
309 1.0
310 1.0
311 1.0
312 1.0
313 1.0
314 0.3958333333333333
315 0.3958333333333333
316 0.3958333333333333
317 1.0
318 1.0
319 1.0
320 1.0
321 0.19669948107448107
322 0.36737938596491226
323 0.36737938596491226
324 1.0
325 1.0
326 1.0
327 0.2993581270892195
328 0.2993581270892195
329 0.2993581270892195
330 0.18833067517278043
331 0.18833067517278043
332 1.0
333 1.0
334 0.4018272914824639
335 1.0
336 1.0
337 1.0
338 1.0
339 0.4333333333333333
340 0.4333333333333333
341 1.0
342 0.42388998407305045
343 0.42388998407305045
344 0.42388998407305045
345 0.43555555555555553
346 0.43555555555555553
347 0.43555555555555553
348 1.0
349 1.0
350 1.0
351 0.38679954304954306
352 0.4125
353 0.4125
354 0.44666666666666666
355 1.0
356 1.0
357 1.0
358 0.4490740740740741
359 1.0
360 1.0
361 1.0
362 0.10312499999999998
363 0.10312499999999998
364 1.0
365 1.0
366 1.0
367 1.0
368 1.0
369 1.0
370 1.0
371 1.0
372 1.0
373 0.31845238095238093
374 0.31845238095238093
375 1.0
376 1.0
377 1.0
378 1.0
379 1.0
380 0.15765253265253268
381 0.15765253265253268
382 1.0
383 1.0
384 0.3736111111111111
385 0.3736111111111111
386 0.3736111111111111
387 1.0
388 1.0
389 1.0
390 1.0
391 1.0
392 1.0
393 0.4160620988207195
394 0.4160620988207195
395 1.0
396 0.5163657005762269
397 1.0
398 1.0
399 1.0
400 0.4438639266225473
401 1.0
402 0.29812145848731214
403 0.29812145848731214
404 1.0
405 1.0
406 0.4043560606060606
407 0.4043560606060606
408 0.257889942996326
409 0.257889942996326
410 1.0
411 1.0
412 1.0
413 1.0
414 1.0
415 1.0
416 1.0
417 0.3611111111111111
418 0.3611111111111111
419 0.3611111111111111
420 1.0
421 1.0
422 1.0
423 1.0
424 1.0
425 1.0
426 1.0
427 1.0
428 1.0
429 1.0
430 1.0
431 0.46571783747895656
432 0.46571783747895656
433 1.0
434 1.0
435 0.472910927456382
436 1.0
437 1.0
438 1.0
439 1.0
440 1.0
441 1.0
442 1.0
443 1.0
444 1.0
445 0.4159995706048338
446 0.4159995706048338
447 1.0
448 1.0
449 1.0
450 1.0
451 1.0
452 1.0
453 1.0
454 1.0
455 1.0
456 1.0
457 0.42777777777777776
458 1.0
459 1.0
460 1.0
461 1.0
462 1.0
463 1.0
464 1.0
465 1.0
466 1.0
467 1.0
468 0.34986600700886417
469 0.5757171875592928
470 0.5757171875592928
471 0.5757171875592928
472 0.3611111111111111
473 0.3611111111111111
474 1.0
475 1.0
476 1.0
477 0.3207330715153244
478 0.3207330715153244
479 1.0
480 1.0
481 0.4490740740740741
482 0.4490740740740741
483 0.25
484 0.2593073593073593
485 0.4682695300342359
486 0.4682695300342359
487 0.4682695300342359
488 1.0
489 0.35090909090909095
490 0.35090909090909095
491 0.35090909090909095
492 0.18683859166196123
493 0.34444444444444444
494 0.34444444444444444
495 0.34444444444444444
496 1.0
497 1.0
498 1.0
499 0.39166666666666666
500 0.39166666666666666
501 0.39166666666666666
502 0.4061933106575964
503 1.0
504 1.0
505 0.43611111111111106
506 0.43611111111111106
507 0.43611111111111106
508 1.0
509 0.228988603988604
510 1.0
511 1.0
512 1.0
513 1.0
514 1.0
515 1.0
516 1.0
517 1.0
518 1.0
519 1.0
520 1.0
521 1.0
522 0.25925925925925924
523 1.0
524 1.0
525 1.0
526 0.3740079365079365
527 0.3740079365079365
528 1.0
529 1.0
530 1.0
531 1.0
532 0.2893939393939394
533 0.3426439204286081
534 0.3426439204286081
535 1.0
536 1.0
537 1.0
538 0.3486111111111111
539 0.3486111111111111
540 1.0
541 1.0
542 1.0
543 1.0
544 1.0
545 1.0
546 0.284030784030784
547 0.38316993464052285
548 0.38316993464052285
549 0.38316993464052285
550 1.0
551 1.0
552 1.0
553 0.16736812570145898
554 0.16736812570145898
555 1.0
556 1.0
557 1.0
558 0.33139626818469325
559 0.35079365079365077
560 0.35079365079365077
561 1.0
562 1.0
563 1.0
564 0.17639860139860142
565 0.17639860139860142
566 1.0
567 1.0
568 1.0
569 1.0
570 0.3871428571428571
571 0.3871428571428571
572 1.0
573 1.0
574 1.0
575 1.0
576 1.0
577 1.0
578 1.0
579 1.0
580 0.46193181818181817
581 0.46193181818181817
582 0.2759018759018759
583 0.2759018759018759
584 1.0
585 1.0
586 1.0
587 1.0
588 1.0
589 1.0
590 1.0
591 1.0
592 0.36120873857942826
593 0.36120873857942826
594 0.36120873857942826
595 1.0
596 1.0
597 1.0
598 1.0
599 1.0
600 1.0
601 1.0
602 1.0
603 0.28477032227032223
604 0.28477032227032223
605 0.28477032227032223
606 1.0
607 1.0
608 1.0
609 1.0
610 1.0
611 1.0
612 1.0
613 0.3225806451612903
614 0.3225806451612903
615 1.0
616 0.24219922710868383
617 0.24219922710868383
618 1.0
619 1.0
620 1.0
621 1.0
622 1.0
623 1.0
624 0.38333333333333336
625 0.38333333333333336
626 0.38333333333333336
627 1.0
628 1.0
629 1.0
630 1.0
631 1.0
632 0.3233707264957265
633 0.3233707264957265
634 0.3233707264957265
635 0.4482473544973545
636 0.4482473544973545
637 0.4482473544973545
638 1.0
639 1.0
640 1.0
641 1.0
642 1.0
643 1.0
644 0.5447802197802198
645 0.5447802197802198
646 0.5447802197802198
647 0.227943596364649
648 0.43209876543209874
649 1.0
650 1.0
651 0.36658249158249157
652 1.0
653 1.0
654 1.0
655 1.0
656 0.415981240981241
657 0.415981240981241
658 0.415981240981241
659 1.0
660 1.0
661 1.0
662 1.0
663 0.2608411604735134
664 0.2608411604735134
665 1.0
666 0.4120319100939256
667 0.4120319100939256
668 1.0
669 1.0
670 1.0
671 0.27810846560846564
672 1.0
673 1.0
674 1.0
675 1.0
676 1.0
677 0.4458473625140292
678 1.0
679 1.0
680 1.0
681 1.0
682 1.0
683 1.0
684 1.0
685 0.2943542568542568
686 0.2943542568542568
687 0.2943542568542568
688 0.283994708994709
689 0.283994708994709
690 0.283994708994709
691 0.3840513983371126
692 0.3840513983371126
693 1.0
694 1.0
695 1.0
696 0.35382485085106047
697 0.35382485085106047
698 1.0
699 0.4633190883190883
700 0.4633190883190883
701 1.0
702 1.0
703 1.0
704 1.0
705 1.0
706 1.0
707 1.0
708 1.0
709 1.0
710 1.0
711 1.0
712 1.0
713 1.0
714 1.0
715 0.4025297619047619
716 0.4025297619047619
717 0.4025297619047619
718 1.0
719 1.0

Avg. value is: 0.7414388468826724
