1 1.0
2 0.2884259259259259
3 0.2884259259259259
4 1.0
5 1.0
6 1.0
7 1.0
8 1.0
9 0.2015542328042328
10 1.0
11 1.0
12 1.0
13 1.0
14 0.4512471655328798
15 1.0
16 1.0
17 0.45420634920634917
18 0.45420634920634917
19 0.39730507587650443
20 0.39730507587650443
21 0.39730507587650443
22 0.46174242424242423
23 0.2324311490978158
24 0.2324311490978158
25 1.0
26 1.0
27 0.35185185185185186
28 0.35185185185185186
29 0.35185185185185186
30 1.0
31 1.0
32 0.24212962962962967
33 0.24212962962962967
34 0.39671201814058954
35 0.42407407407407405
36 0.42407407407407405
37 0.3976686507936508
38 0.3976686507936508
39 0.3976686507936508
40 0.40811965811965817
41 1.0
42 1.0
43 0.4224791412291412
44 0.42471064814814813
45 0.42989417989417994
46 1.0
47 1.0
48 1.0
49 1.0
50 1.0
51 0.3120107515940849
52 1.0
53 1.0
54 1.0
55 1.0
56 1.0
57 0.4654738562091503
58 0.4654738562091503
59 1.0
60 1.0
61 0.23574661101542824
62 0.23574661101542824
63 0.16974206349206347
64 0.16974206349206347
65 1.0
66 1.0
67 1.0
68 1.0
69 1.0
70 1.0
71 1.0
72 1.0
73 0.3972222222222222
74 0.3972222222222222
75 1.0
76 1.0
77 0.345679012345679
78 0.345679012345679
79 0.41111111111111115
80 0.41111111111111115
81 1.0
82 1.0
83 1.0
84 1.0
85 1.0
86 1.0
87 0.22492388515939243
88 0.4761904761904762
89 0.4761904761904762
90 0.4631270690094219
91 0.4631270690094219
92 0.46455627705627706
93 0.46455627705627706
94 1.0
95 0.43553571428571425
96 0.36557539682539686
97 0.21666666666666667
98 0.21666666666666667
99 0.44742063492063494
100 0.44742063492063494
101 0.1910259810995105
102 0.1910259810995105
103 0.39166666666666666
104 0.39166666666666666
105 0.4150300861085175
106 1.0
107 1.0
108 1.0
109 1.0
110 0.3611111111111111
111 0.4178460858027422
112 1.0
113 1.0
114 1.0
115 0.36527777777777776
116 0.36527777777777776
117 0.36527777777777776
118 1.0
119 0.2777777777777778
120 0.4046296296296296
121 0.4046296296296296
122 1.0
123 0.4025297619047619
124 0.4025297619047619
125 1.0
126 1.0
127 0.4757991296452835
128 0.4757991296452835
129 0.3975783475783476
130 0.3975783475783476
131 1.0
132 1.0
133 1.0
134 1.0
135 0.4470238095238095
136 0.4470238095238095
137 0.42624883286647997
138 0.42624883286647997
139 1.0
140 1.0
141 1.0
142 1.0
143 0.39299242424242425
144 0.4462797619047619
145 0.4462797619047619
146 0.4462797619047619
147 0.42037037037037034
148 0.42037037037037034
149 0.38920454545454547
150 0.38920454545454547
151 1.0
152 1.0
153 1.0
154 1.0
155 1.0
156 0.44606643356643355
157 0.3711744639376218
158 0.217003367003367
159 0.217003367003367
160 1.0
161 1.0
162 1.0
163 0.1616161616161616
164 0.43553571428571425
165 1.0
166 1.0
167 0.25085978835978834
168 0.4436026936026936
169 0.43733647305075873
170 0.43733647305075873
171 1.0
172 1.0
173 1.0
174 1.0
175 0.4722222222222222
176 0.4722222222222222
177 1.0
178 1.0
179 1.0
180 1.0
181 0.5055936146323521
182 0.5055936146323521
183 0.45267857142857143
184 0.45267857142857143
185 0.45267857142857143
186 0.4939679402722881
187 1.0
188 0.36921296296296297
189 0.36921296296296297
190 0.36921296296296297
191 0.1827707996051649
192 0.1827707996051649
193 0.1827707996051649
194 1.0
195 0.2518106162843005
196 0.2518106162843005
197 1.0
198 0.2243589743589744
199 1.0
200 1.0
201 1.0
202 1.0
203 1.0
204 1.0
205 0.4424603174603175
206 0.4424603174603175
207 0.45455043859649125
208 0.45455043859649125
209 0.45455043859649125
210 0.10285204991087343
211 1.0
212 1.0
213 1.0
214 1.0
215 0.5196408529741864
216 0.5196408529741864
217 0.5196408529741864
218 0.2984126984126984
219 0.2984126984126984
220 0.39675925925925926
221 0.39675925925925926
222 1.0
223 1.0
224 0.3371794871794872
225 0.3371794871794872
226 1.0
227 0.125
228 0.125
229 0.125
230 1.0
231 1.0
232 1.0
233 1.0
234 1.0
235 0.3340740740740741
236 0.3340740740740741
237 1.0
238 1.0
239 1.0
240 1.0
241 0.433452380952381
242 0.433452380952381
243 0.433452380952381
244 0.45651515151515154
245 0.45651515151515154
246 0.577253347745151
247 0.4435374149659864
248 0.4435374149659864
249 0.47438016528925614
250 0.363960113960114
251 0.363960113960114
252 1.0
253 0.25813740406131713
254 0.25813740406131713
255 0.25813740406131713
256 1.0
257 1.0
258 1.0
259 0.33925565175565175
260 0.33925565175565175
261 0.4280555555555556
262 1.0
263 1.0
264 0.43553571428571425
265 1.0
266 1.0
267 1.0
268 1.0
269 1.0
270 0.20381944444444444
271 0.34269434269434274
272 0.34269434269434274
273 1.0
274 1.0
275 1.0
276 1.0
277 1.0
278 0.4438657407407407
279 0.4438657407407407
280 0.45246455246455247
281 0.45246455246455247
282 0.45246455246455247
283 1.0
284 1.0
285 1.0
286 1.0
287 0.37601750101750103
288 0.37601750101750103
289 1.0
290 1.0
291 1.0
292 0.5610511970161093
293 1.0
294 1.0
295 0.455026455026455
296 0.455026455026455
297 0.455026455026455
298 0.4146825396825397
299 0.4146825396825397
300 0.4146825396825397
301 1.0
302 1.0
303 1.0
304 0.2490740740740741
305 0.2490740740740741
306 0.3738562091503268
307 1.0
308 1.0
309 0.3013888888888889
310 0.38277879527879527
311 1.0
312 1.0
313 0.41615473646723644
314 0.3958333333333333
315 0.3958333333333333
316 0.3958333333333333
317 0.45515873015873015
318 1.0
319 1.0
320 0.3854166666666667
321 0.3370039682539683
322 1.0
323 1.0
324 1.0
325 1.0
326 1.0
327 0.40225563909774437
328 0.40225563909774437
329 0.40225563909774437
330 0.34248574496252515
331 0.34248574496252515
332 1.0
333 0.37003968253968256
334 0.44914529914529916
335 1.0
336 0.343482905982906
337 0.12698412698412698
338 0.12698412698412698
339 1.0
340 1.0
341 1.0
342 0.367739898989899
343 0.367739898989899
344 0.367739898989899
345 0.22528175012695134
346 0.22528175012695134
347 0.22528175012695134
348 1.0
349 1.0
350 1.0
351 0.36790824915824916
352 0.26931818181818185
353 0.26931818181818185
354 0.3466666666666667
355 0.41719298245614034
356 0.41719298245614034
357 0.3775208587708588
358 0.3977029083238233
359 1.0
360 1.0
361 1.0
362 0.3209677419354839
363 0.3209677419354839
364 1.0
365 1.0
366 1.0
367 1.0
368 1.0
369 1.0
370 1.0
371 1.0
372 1.0
373 0.3087121212121212
374 0.3087121212121212
375 0.2739858906525573
376 0.2739858906525573
377 1.0
378 1.0
379 1.0
380 0.133507696007696
381 0.133507696007696
382 0.4259259259259259
383 0.4259259259259259
384 0.47023809523809523
385 0.47023809523809523
386 0.47023809523809523
387 1.0
388 0.36234567901234566
389 0.36327561327561325
390 0.36327561327561325
391 0.29282407407407407
392 0.29282407407407407
393 0.47436095650381366
394 0.47436095650381366
395 1.0
396 0.4560106073263968
397 1.0
398 1.0
399 0.3263888888888889
400 0.247228772689299
401 1.0
402 0.1628267565767566
403 0.1628267565767566
404 0.42518518518518517
405 0.42518518518518517
406 0.4043560606060606
407 0.4043560606060606
408 0.12720682095682095
409 0.12720682095682095
410 0.4025297619047619
411 0.4025297619047619
412 0.4025297619047619
413 0.3787037037037037
414 0.3787037037037037
415 1.0
416 0.24584770005822637
417 0.40079365079365076
418 0.40079365079365076
419 0.40079365079365076
420 1.0
421 1.0
422 0.4231837606837606
423 1.0
424 1.0
425 1.0
426 1.0
427 1.0
428 1.0
429 1.0
430 0.41364914021164023
431 0.1634672619047619
432 0.1634672619047619
433 1.0
434 1.0
435 0.44786018075491757
436 1.0
437 1.0
438 1.0
439 1.0
440 1.0
441 1.0
442 1.0
443 1.0
444 1.0
445 0.4281517094017094
446 0.4281517094017094
447 1.0
448 1.0
449 1.0
450 1.0
451 1.0
452 1.0
453 1.0
454 1.0
455 1.0
456 1.0
457 0.3773809523809524
458 1.0
459 1.0
460 1.0
461 1.0
462 1.0
463 0.35185185185185186
464 0.35185185185185186
465 0.35185185185185186
466 0.3744327731092437
467 0.3744327731092437
468 0.21804353054353054
469 0.2651190476190476
470 0.2651190476190476
471 0.2651190476190476
472 0.4141975308641976
473 0.4141975308641976
474 1.0
475 1.0
476 1.0
477 0.46277695105820105
478 0.46277695105820105
479 0.37389770723104054
480 0.37389770723104054
481 0.4159035409035409
482 0.4159035409035409
483 0.4166666666666667
484 0.3525621093732549
485 0.4682695300342359
486 0.4682695300342359
487 0.4682695300342359
488 0.46984126984126984
489 0.4133333333333333
490 0.4133333333333333
491 0.4133333333333333
492 0.2359505790620342
493 1.0
494 1.0
495 1.0
496 1.0
497 1.0
498 1.0
499 0.39166666666666666
500 0.39166666666666666
501 0.39166666666666666
502 0.26287277537277537
503 1.0
504 1.0
505 1.0
506 1.0
507 1.0
508 1.0
509 1.0
510 1.0
511 1.0
512 1.0
513 0.44658119658119655
514 0.44658119658119655
515 1.0
516 1.0
517 1.0
518 1.0
519 0.4296296296296296
520 0.4296296296296296
521 1.0
522 0.33825187969924814
523 0.20243055555555553
524 0.20243055555555553
525 1.0
526 0.4324404761904762
527 0.4324404761904762
528 0.4556547619047619
529 0.4556547619047619
530 1.0
531 1.0
532 0.33682598039215683
533 0.462962962962963
534 0.462962962962963
535 0.34479166666666666
536 0.34479166666666666
537 0.34479166666666666
538 0.34097222222222223
539 0.34097222222222223
540 1.0
541 0.4371100164203613
542 0.4371100164203613
543 0.32516835016835016
544 0.32516835016835016
545 0.32516835016835016
546 1.0
547 0.4504568713450292
548 0.4504568713450292
549 0.4504568713450292
550 0.39153439153439157
551 0.39153439153439157
552 1.0
553 0.19335674084448592
554 0.19335674084448592
555 0.4383526383526384
556 0.4383526383526384
557 0.4383526383526384
558 0.32572848583877995
559 0.4253968253968254
560 0.4253968253968254
561 0.44761904761904764
562 0.44761904761904764
563 0.44761904761904764
564 0.2129322066822067
565 0.2129322066822067
566 1.0
567 1.0
568 1.0
569 1.0
570 0.37937932437932437
571 0.37937932437932437
572 1.0
573 1.0
574 1.0
575 1.0
576 0.41944444444444445
577 1.0
578 1.0
579 0.3301233807699325
580 0.397027972027972
581 0.397027972027972
582 0.35964831951674053
583 0.35964831951674053
584 1.0
585 1.0
586 1.0
587 1.0
588 1.0
589 1.0
590 1.0
591 1.0
592 1.0
593 1.0
594 1.0
595 1.0
596 1.0
597 1.0
598 1.0
599 1.0
600 1.0
601 0.3911816578483245
602 1.0
603 0.35064102564102556
604 0.35064102564102556
605 0.35064102564102556
606 0.42279202279202277
607 1.0
608 1.0
609 1.0
610 1.0
611 1.0
612 1.0
613 1.0
614 1.0
615 0.41203703703703703
616 0.30277777777777776
617 0.30277777777777776
618 1.0
619 1.0
620 1.0
621 1.0
622 1.0
623 1.0
624 0.38333333333333336
625 0.38333333333333336
626 0.38333333333333336
627 1.0
628 0.4583333333333333
629 0.4583333333333333
630 0.46489197530864196
631 0.46489197530864196
632 0.3799066742081448
633 0.3799066742081448
634 0.3799066742081448
635 0.41202300785634116
636 0.41202300785634116
637 0.41202300785634116
638 1.0
639 1.0
640 0.45176767676767676
641 0.45176767676767676
642 1.0
643 1.0
644 0.27083333333333337
645 0.27083333333333337
646 0.27083333333333337
647 1.0
648 0.3788359788359788
649 1.0
650 1.0
651 0.2949317738791423
652 1.0
653 1.0
654 1.0
655 0.35401234567901235
656 0.4063126325799137
657 0.4063126325799137
658 0.4063126325799137
659 1.0
660 1.0
661 1.0
662 1.0
663 0.41720571095571096
664 0.41720571095571096
665 1.0
666 0.4006080014851945
667 0.4006080014851945
668 1.0
669 1.0
670 1.0
671 0.40138888888888885
672 1.0
673 1.0
674 1.0
675 0.3973654675409061
676 0.3973654675409061
677 0.29109343021720474
678 1.0
679 1.0
680 1.0
681 1.0
682 1.0
683 1.0
684 1.0
685 0.32666666666666666
686 0.32666666666666666
687 0.32666666666666666
688 0.3888888888888889
689 0.3888888888888889
690 0.3888888888888889
691 1.0
692 1.0
693 0.4130952380952381
694 0.4130952380952381
695 0.3934163059163059
696 0.34913646024757133
697 0.34913646024757133
698 1.0
699 0.4161990273101384
700 0.4161990273101384
701 1.0
702 1.0
703 1.0
704 1.0
705 1.0
706 1.0
707 1.0
708 1.0
709 0.446408529741863
710 0.446408529741863
711 0.44629629629629625
712 0.3677045177045177
713 0.3677045177045177
714 0.3677045177045177
715 0.3377489884842826
716 0.3377489884842826
717 0.3377489884842826
718 1.0
719 1.0

Avg. value is: 0.6559067908586702
