1 1.0
2 0.3069584736251403
3 0.3069584736251403
4 1.0
5 1.0
6 1.0
7 1.0
8 1.0
9 0.3585027910685805
10 1.0
11 1.0
12 1.0
13 1.0
14 1.0
15 1.0
16 1.0
17 1.0
18 1.0
19 1.0
20 1.0
21 1.0
22 1.0
23 0.6561728395061729
24 0.6561728395061729
25 1.0
26 1.0
27 0.2708333333333333
28 0.2708333333333333
29 0.2708333333333333
30 1.0
31 1.0
32 1.0
33 1.0
34 1.0
35 1.0
36 1.0
37 0.45021786492374727
38 0.45021786492374727
39 0.45021786492374727
40 1.0
41 1.0
42 1.0
43 1.0
44 1.0
45 1.0
46 1.0
47 1.0
48 1.0
49 1.0
50 1.0
51 0.3175
52 1.0
53 1.0
54 1.0
55 1.0
56 1.0
57 1.0
58 1.0
59 1.0
60 1.0
61 0.5746349865915084
62 0.5746349865915084
63 0.3471891534391534
64 0.3471891534391534
65 1.0
66 1.0
67 1.0
68 1.0
69 1.0
70 1.0
71 1.0
72 1.0
73 1.0
74 1.0
75 1.0
76 1.0
77 0.19135802469135801
78 0.19135802469135801
79 0.26666666666666666
80 0.26666666666666666
81 1.0
82 1.0
83 1.0
84 1.0
85 1.0
86 1.0
87 0.5532247397166753
88 0.6380952380952382
89 0.6380952380952382
90 1.0
91 1.0
92 0.3125217375217375
93 0.3125217375217375
94 1.0
95 1.0
96 1.0
97 0.37896825396825395
98 0.37896825396825395
99 1.0
100 1.0
101 0.14682539682539683
102 0.14682539682539683
103 0.06666666666666665
104 0.06666666666666665
105 0.42638888888888893
106 1.0
107 0.4063492063492064
108 0.4063492063492064
109 1.0
110 0.5464235483222825
111 1.0
112 1.0
113 1.0
114 1.0
115 0.24858276643990934
116 0.24858276643990934
117 0.24858276643990934
118 1.0
119 1.0
120 1.0
121 1.0
122 1.0
123 1.0
124 1.0
125 1.0
126 1.0
127 1.0
128 1.0
129 1.0
130 1.0
131 1.0
132 1.0
133 1.0
134 1.0
135 0.39166666666666666
136 0.39166666666666666
137 0.45476190476190476
138 0.45476190476190476
139 1.0
140 1.0
141 1.0
142 1.0
143 0.4340909090909091
144 1.0
145 1.0
146 1.0
147 0.19166666666666665
148 0.19166666666666665
149 0.15255115255115254
150 0.15255115255115254
151 1.0
152 1.0
153 1.0
154 1.0
155 1.0
156 1.0
157 1.0
158 0.2088744588744589
159 0.2088744588744589
160 1.0
161 1.0
162 1.0
163 0.35731856378915205
164 0.4157575757575757
165 0.3190476190476191
166 0.3190476190476191
167 0.4819113756613757
168 0.29034391534391535
169 1.0
170 1.0
171 1.0
172 1.0
173 1.0
174 1.0
175 1.0
176 1.0
177 1.0
178 1.0
179 1.0
180 1.0
181 0.40987654320987654
182 0.40987654320987654
183 0.46726190476190477
184 0.46726190476190477
185 0.46726190476190477
186 0.5410714285714285
187 1.0
188 1.0
189 1.0
190 1.0
191 1.0
192 1.0
193 1.0
194 1.0
195 0.19618055555555558
196 0.19618055555555558
197 1.0
198 0.4265151515151515
199 0.567920524691358
200 0.567920524691358
201 1.0
202 1.0
203 1.0
204 1.0
205 1.0
206 1.0
207 0.20701754385964916
208 0.20701754385964916
209 0.20701754385964916
210 0.09696969696969698
211 1.0
212 1.0
213 1.0
214 1.0
215 0.45092592592592595
216 0.45092592592592595
217 0.45092592592592595
218 0.42738095238095236
219 0.42738095238095236
220 1.0
221 1.0
222 1.0
223 1.0
224 1.0
225 1.0
226 1.0
227 0.41883988260799854
228 0.41883988260799854
229 0.41883988260799854
230 1.0
231 1.0
232 1.0
233 1.0
234 1.0
235 1.0
236 1.0
237 0.4098639455782313
238 0.4098639455782313
239 1.0
240 1.0
241 1.0
242 1.0
243 1.0
244 0.44525414109592615
245 0.44525414109592615
246 1.0
247 1.0
248 1.0
249 0.33510866238138964
250 0.363960113960114
251 0.363960113960114
252 1.0
253 0.40740740740740744
254 0.40740740740740744
255 0.40740740740740744
256 1.0
257 1.0
258 1.0
259 1.0
260 1.0
261 1.0
262 1.0
263 1.0
264 1.0
265 1.0
266 1.0
267 1.0
268 1.0
269 1.0
270 0.4043560606060606
271 1.0
272 1.0
273 1.0
274 1.0
275 1.0
276 1.0
277 1.0
278 1.0
279 1.0
280 0.31319444444444444
281 0.31319444444444444
282 0.31319444444444444
283 1.0
284 0.4121212121212121
285 0.4121212121212121
286 1.0
287 0.3929398148148148
288 0.3929398148148148
289 1.0
290 1.0
291 1.0
292 0.4914772727272727
293 1.0
294 1.0
295 0.51003626003626
296 0.51003626003626
297 0.51003626003626
298 0.444047619047619
299 0.444047619047619
300 0.444047619047619
301 0.1477272727272727
302 1.0
303 1.0
304 1.0
305 1.0
306 0.36296296296296293
307 1.0
308 1.0
309 0.4125
310 1.0
311 1.0
312 1.0
313 1.0
314 0.3958333333333333
315 0.3958333333333333
316 0.3958333333333333
317 1.0
318 1.0
319 0.2662878787878788
320 1.0
321 0.2638888888888889
322 1.0
323 1.0
324 0.39444444444444443
325 1.0
326 1.0
327 0.40158730158730155
328 0.40158730158730155
329 0.40158730158730155
330 0.3562933542147882
331 0.3562933542147882
332 1.0
333 0.2400793650793651
334 0.44914529914529916
335 1.0
336 0.5170940170940171
337 1.0
338 1.0
339 0.20652777777777778
340 0.20652777777777778
341 1.0
342 0.5100615454057483
343 0.5100615454057483
344 0.5100615454057483
345 1.0
346 1.0
347 1.0
348 1.0
349 1.0
350 1.0
351 0.31335331335331335
352 0.4125
353 0.4125
354 0.3340740740740741
355 1.0
356 1.0
357 0.43238095238095237
358 0.5167760474897805
359 1.0
360 1.0
361 1.0
362 0.16666666666666666
363 0.16666666666666666
364 1.0
365 1.0
366 1.0
367 1.0
368 1.0
369 1.0
370 1.0
371 1.0
372 1.0
373 1.0
374 1.0
375 0.2923890923890924
376 0.2923890923890924
377 1.0
378 1.0
379 1.0
380 0.3167500901875902
381 0.3167500901875902
382 1.0
383 1.0
384 0.4119047619047619
385 0.4119047619047619
386 0.4119047619047619
387 1.0
388 1.0
389 1.0
390 1.0
391 1.0
392 1.0
393 0.4907908449575117
394 0.4907908449575117
395 1.0
396 0.5737942612942614
397 1.0
398 1.0
399 0.39166666666666666
400 0.2767030423280423
401 0.333552096052096
402 0.3354458041958042
403 0.3354458041958042
404 1.0
405 1.0
406 0.4043560606060606
407 0.4043560606060606
408 0.412733843537415
409 0.412733843537415
410 1.0
411 1.0
412 1.0
413 1.0
414 1.0
415 1.0
416 1.0
417 0.3333333333333333
418 0.3333333333333333
419 0.3333333333333333
420 1.0
421 1.0
422 1.0
423 0.29379127816627815
424 0.29379127816627815
425 0.29379127816627815
426 1.0
427 1.0
428 1.0
429 1.0
430 1.0
431 0.23153846153846153
432 0.23153846153846153
433 1.0
434 1.0
435 0.43156565656565654
436 1.0
437 1.0
438 1.0
439 0.3873015873015873
440 0.3873015873015873
441 1.0
442 1.0
443 1.0
444 1.0
445 0.4097222222222222
446 0.4097222222222222
447 1.0
448 1.0
449 1.0
450 1.0
451 1.0
452 1.0
453 1.0
454 1.0
455 1.0
456 1.0
457 0.42777777777777776
458 1.0
459 1.0
460 0.44841269841269843
461 0.44841269841269843
462 0.44841269841269843
463 1.0
464 1.0
465 1.0
466 1.0
467 1.0
468 0.34521554834054835
469 0.3647787397787397
470 0.3647787397787397
471 0.3647787397787397
472 0.3611111111111111
473 0.3611111111111111
474 1.0
475 1.0
476 1.0
477 1.0
478 1.0
479 1.0
480 1.0
481 0.09354791299235744
482 0.09354791299235744
483 0.4823232323232323
484 0.3796536796536797
485 0.4682695300342359
486 0.4682695300342359
487 0.4682695300342359
488 0.4537037037037037
489 0.35090909090909095
490 0.35090909090909095
491 0.35090909090909095
492 0.5703114478114477
493 1.0
494 1.0
495 1.0
496 1.0
497 1.0
498 1.0
499 0.2833333333333333
500 0.2833333333333333
501 0.2833333333333333
502 0.5971969696969698
503 1.0
504 1.0
505 1.0
506 1.0
507 1.0
508 1.0
509 0.35185185185185186
510 1.0
511 1.0
512 1.0
513 1.0
514 1.0
515 1.0
516 1.0
517 1.0
518 1.0
519 0.14737654320987656
520 0.14737654320987656
521 1.0
522 0.38723196881091615
523 0.37202380952380953
524 0.37202380952380953
525 1.0
526 0.31481481481481477
527 0.31481481481481477
528 1.0
529 1.0
530 1.0
531 1.0
532 0.12621991978609626
533 0.42592592592592593
534 0.42592592592592593
535 1.0
536 1.0
537 1.0
538 0.40674603174603174
539 0.40674603174603174
540 0.3777056277056277
541 1.0
542 1.0
543 1.0
544 1.0
545 1.0
546 0.2541394335511983
547 1.0
548 1.0
549 1.0
550 0.1984126984126984
551 0.1984126984126984
552 1.0
553 0.4581128747795415
554 0.4581128747795415
555 1.0
556 1.0
557 1.0
558 0.5489748677248677
559 1.0
560 1.0
561 1.0
562 1.0
563 1.0
564 0.3969405594405595
565 0.3969405594405595
566 1.0
567 1.0
568 1.0
569 1.0
570 0.3393939393939394
571 0.3393939393939394
572 1.0
573 1.0
574 1.0
575 1.0
576 1.0
577 1.0
578 1.0
579 0.35185185185185186
580 1.0
581 1.0
582 1.0
583 1.0
584 0.4103174603174603
585 0.4103174603174603
586 1.0
587 1.0
588 1.0
589 1.0
590 1.0
591 1.0
592 0.22326074660633483
593 0.22326074660633483
594 0.22326074660633483
595 0.39225589225589225
596 1.0
597 1.0
598 1.0
599 1.0
600 1.0
601 0.39755291005291005
602 0.43716931216931215
603 0.4307017543859648
604 0.4307017543859648
605 0.4307017543859648
606 1.0
607 1.0
608 1.0
609 1.0
610 1.0
611 1.0
612 1.0
613 0.13418560606060606
614 0.13418560606060606
615 1.0
616 0.39444444444444443
617 0.39444444444444443
618 1.0
619 1.0
620 1.0
621 1.0
622 1.0
623 1.0
624 0.36645177738927737
625 0.36645177738927737
626 0.36645177738927737
627 1.0
628 0.3933531746031746
629 0.3933531746031746
630 0.3946759259259259
631 0.3946759259259259
632 0.17614798055974526
633 0.17614798055974526
634 0.17614798055974526
635 0.4259259259259259
636 0.4259259259259259
637 0.4259259259259259
638 1.0
639 1.0
640 0.18099747474747474
641 0.18099747474747474
642 1.0
643 1.0
644 0.041666666666666685
645 0.041666666666666685
646 0.041666666666666685
647 0.31212121212121213
648 0.09792768959435628
649 1.0
650 1.0
651 1.0
652 1.0
653 1.0
654 1.0
655 0.462037037037037
656 0.2715821812596006
657 0.2715821812596006
658 0.2715821812596006
659 1.0
660 1.0
661 1.0
662 1.0
663 0.3134083509083509
664 0.3134083509083509
665 1.0
666 0.3203610879049476
667 0.3203610879049476
668 1.0
669 1.0
670 1.0
671 0.4503968253968254
672 1.0
673 1.0
674 1.0
675 1.0
676 1.0
677 1.0
678 1.0
679 1.0
680 1.0
681 1.0
682 1.0
683 0.08333333333333331
684 1.0
685 0.38
686 0.38
687 0.38
688 0.441358024691358
689 0.441358024691358
690 0.441358024691358
691 1.0
692 1.0
693 1.0
694 1.0
695 1.0
696 0.257201646090535
697 0.257201646090535
698 1.0
699 0.448559670781893
700 0.448559670781893
701 1.0
702 1.0
703 1.0
704 1.0
705 1.0
706 1.0
707 1.0
708 1.0
709 0.446408529741863
710 0.446408529741863
711 1.0
712 1.0
713 1.0
714 1.0
715 0.18106430606430607
716 0.18106430606430607
717 0.18106430606430607
718 1.0
719 1.0

Avg. value is: 0.7526060407909528
