1 0.08734693877551021
2 0.10357142857142858
3 0.1590909090909091
4 0.225
5 0.1253821499013807
6 0.20625
7 0.10645833333333332
8 0.20714285714285713
9 0.22727272727272727
10 0.11000000000000001
11 0.1435185185185185
12 0.20769230769230768
13 0.10344135802469136
14 0.32303030303030306
15 0.06790123456790124
16 0.2833333333333333
17 0.14645960100505556
18 0.21500000000000002
19 0.16349358974358974
20 0.0859375
21 0.15775401069518716
22 0.06818181818181818
23 0.0703125
24 0.13392857142857142
25 0.1736111111111111
26 0.24722222222222223
27 0.23015873015873012
28 0.16875
29 0.23888888888888893
30 0.35185185185185186
31 0.14049586776859505
32 0.19125874125874126
33 0.2666666666666667
34 0.24652777777777776
35 0.16666666666666666
36 0.07142857142857142
37 0.07407407407407408
38 0.078125
39 0.3239795918367347
40 0.13636363636363635
41 0.11000000000000001
42 0.08653846153846154
43 0.09375
44 0.09721825793254366
45 0.13636363636363635
46 0.27
47 0.18055555555555558
48 0.07407407407407408
49 0.06944444444444445
50 0.2552083333333333
51 0.13038194444444445
52 0.16588539665462745
53 0.16111111111111112
54 0.11710526315789474
55 0.2793981481481482
56 0.14351851851851852
57 0.3055555555555555
58 0.22147759647759646
59 0.20242914979757082
60 0.25833333333333336
61 0.0
62 0.07142857142857142
63 0.10538461538461538
64 0.10909090909090909
65 0.16666666666666666
66 0.09166666666666667
67 0.20625
68 0.11111111111111112
69 0.21666666666666667
70 0.2857142857142857
71 0.2857142857142857
72 0.25
73 0.15555555555555556
74 0.1234567901234568
75 0.15476190476190474
76 0.23124999999999996
77 0.27777777777777773
78 0.11621315192743764
79 0.3333333333333333
80 0.08163265306122448
81 0.1875
82 0.2777777777777778
83 0.2777777777777778
84 0.02777777777777778
85 0.09722222222222221
86 0.04
87 0.3333333333333333
88 0.2
89 0.21296296296296297
90 0.18181818181818182
91 0.2644628099173554
92 0.31490124056968977
93 0.2552066559312936
94 0.4196145902028255
95 0.31336917495543226
96 0.36928261689291103
97 0.3697212895129562
98 0.38347994094059473
99 0.15714285714285717
100 0.4013500908637687
101 0.3308574758574759
102 0.28125
103 0.3911074900045488
104 0.3968992452222266
105 0.2518595041322314
106 0.40378016985268506
107 0.37702926731564496
108 0.34470962474058453
109 0.4322885719944543
110 0.43848039215686274
111 0.390145720203286
112 0.3682979190122047
113 0.31666666666666665
114 0.4211904761904762
115 0.40748701189877656
116 0.19999999999999998
117 0.33826535054983325
118 0.3969852292768959
119 0.16666666666666669
120 0.14805014064882485
121 0.4419047619047619
122 0.29090909090909095
123 0.371218136820562
124 0.30479483479483477
125 0.3333333333333333
126 0.43737888374252004
127 0.4673099078341014
128 0.30527630805408584
129 0.38435576673950556
130 0.43126491587017907
131 0.01977777777777778
132 0.44050542188750663
133 0.42443084214635945
134 0.15645415190869738
135 0.43931019377447944
136 0.4537336611200248
137 0.24074074074074078
138 0.21647727272727274
139 0.26482935598481816
140 0.2929501748251748
141 0.38875163436851745
142 0.3941990981397761
143 0.3313947510822511
144 0.4403318903318904
145 0.4098393080886066
146 0.16875
147 0.4421928063910871
148 0.353421935886803
149 0.20177777777777778
150 0.32
151 0.2916666666666667
152 0.36666666666666664
153 0.44056124195270036
154 0.3724180480839417
155 0.15616414835164835
156 0.48398526077097503
157 0.38501627180155157
158 0.29710962188078893
159 0.4305555555555556
160 0.35108024691358025
161 0.35714285714285715
162 0.30451388888888886
163 0.2896825396825397
164 0.10307734204793029
165 0.3995432136627155
166 0.36986888772603066
167 0.40187353982808527
168 0.39045180493935766
169 0.13492063492063494
170 0.4365818651629951
171 0.4332324399586064
172 0.30987654320987656
173 0.345219754568494
174 0.33999999999999997
175 0.30356954966329963
176 0.2936507936507936
177 0.22916666666666669
178 0.2345477558839628
179 0.2150431872654095
180 0.2150431872654095
181 0.097840382996633
182 0.4462026081842487
183 0.4671130952380953
184 0.06818181818181818
185 0.35815662092751877
186 0.419298366689671
187 0.22448979591836735
188 0.41128644572235673
189 0.43296694624819626
190 0.2856481481481482
191 0.418183822350489
192 0.40801558701517887
193 0.3095238095238095
194 0.32536740672244874
195 0.3333522653912824
196 0.2654320987654321
197 0.33900983862960266
198 0.4011980826805613
199 0.19932598039215685
200 0.1311628839570016
201 0.34508756730623735
202 0.41331042100245263
203 0.4353338883836839
204 0.20066137566137568
205 0.3575146211240123
206 0.32367963651288384
207 0.20740508679105168
208 0.2812659331409331
209 0.4163122679789346
210 0.2438271604938272
211 0.3543356837254296
212 0.4371429502694014
213 0.43021675243335156
214 0.44240770803270807
215 0.33171190529743166
216 0.335283015260763
217 0.1762179487179487
218 0.43303054405696684
219 0.39386904761904756
220 0.26
221 0.4120106076950737
222 0.4069543873929839
223 0.3556554103122731
224 0.35672859275800456
225 0.2651515151515152
226 0.3137689393939394
227 0.2577777777777778
228 0.2691414141414141
229 0.41369890002784737
230 0.3918270750988142
231 0.23611111111111113
232 0.4040139284583729
233 0.39718720821662
234 0.23295454545454544
235 0.2337662337662338
236 0.4396057183421114
237 0.43112049167493083
238 0.3333333333333333
239 0.3896700421156943
240 0.36719223876481943
241 0.09999999999999999
242 0.12827144746787605
243 0.25
244 0.4199311182644516
245 0.38864610184054627
246 0.36309523809523814
247 0.37614300671365886
248 0.43909495279593325
249 0.05555555555555556
250 0.37632599938000544
251 0.39881572192639686
252 0.25555555555555554
253 0.41735512943846276
254 0.40293716750238484
255 0.2248214285714286
256 0.37290750915750914
257 0.4310654748834097
258 0.0859375
259 0.453113553113553
260 0.38555885017607483
261 0.26050155643747014
262 0.3640370959449907
263 0.37930474620076665
264 0.40947927478629237
265 0.38125000000000003
266 0.36660052910052904
267 0.18506493506493507
268 0.4440145502645502
269 0.44287807135402
270 0.375
271 0.26583240508679107
272 0.30256383277216614
273 0.18871252204585537
274 0.4078249425471647
275 0.39884626690182245
276 0.13148148148148148
277 0.21717171717171718
278 0.23295454545454544
279 0.11000000000000001
280 0.4407077182077182
281 0.4235175006039387
282 1.0
283 0.4364904896922441
284 0.43789592352092355
285 0.0840419501133787
286 0.44910710782311775
287 0.40591425425893796
288 0.3531746031746032
289 0.390625
290 0.32978395061728394
291 0.2619047619047619
292 0.3736078288880013
293 0.3677227580736353
294 0.3625
295 0.4150803256572487
296 0.45149919524919524
297 0.3985042735042735
298 0.39509503296267995
299 0.4209886189243988
300 0.4469488737190191
301 0.25
302 0.4016505366162422
303 0.438876417908867
304 0.4230769230769231
305 0.4309646757563424
306 0.39631467874960624
307 0.4045745034640559
308 0.34155426805835154
309 0.2681533281533282
310 0.41627358490566035
311 0.3907176356547708
312 0.2222222222222222
313 0.4485028860028859
314 0.466231680023103
315 0.27301587301587305
316 0.4491617365262876
317 0.34265078355987444
318 0.24714590964590966
319 0.370981240981241
320 0.36178718400940624
321 0.24484390337331519
322 0.2890476190476191
323 0.23295454545454544
324 0.3399267399267399
325 0.41343599033816425
326 0.3119495944831022
327 0.2166666666666667
328 0.3844135802469135
329 0.3847128003442661
330 0.27994483427489963
331 0.3990079365079365
332 0.34132834757834757
333 0.3593294996520803
334 0.3058966286239014
335 0.3562216911175245
336 0.20714285714285713
337 0.41001443001443
338 0.36832219437482594
339 0.38745958259847146
340 0.36450535575535575
341 0.42207792207792205
342 0.3926818795239848
343 0.31550925925925927
344 0.3860486239950526
345 0.4111568640311956
346 0.3328137140637141
347 0.43171296296296297
348 0.34064905002405005
349 0.33123126817224313
350 0.3952830155955156
351 0.3720723720723721
352 0.34919779125380157
353 0.3445614749647008
354 0.3318823152156486
355 0.3105699855699856
356 0.3987299025760564
357 0.37522893772893773
358 0.36819276726841177
359 0.33869379889116735
360 0.40315240315240314
361 0.3927290897419574
362 0.3037901334776335
363 0.2539307309732146
364 0.4054711898829546
365 0.3899362674362674
366 0.44542735042735043
367 0.4228578777189888
368 0.4000880402666117
369 0.4544551762832395
370 0.3636414608609817
371 0.39515606747749604
372 0.3919954784724605
373 0.3681690401913273
374 0.4367240215924426
375 0.3535932855149273
376 0.3879958766322403
377 0.37906962815797407
378 0.3459458029539651
379 0.34243492618492616
380 0.3880441317941318
381 0.36233345471150347
382 0.38085978835978834
383 0.336703431372549
384 0.44486607142857143
385 0.4924603174603175
386 0.4288881080981775
387 0.46255184697213686
388 0.44519833765116784
389 0.34303783448520286
390 0.3325292225476049
391 0.4062433155080214
392 0.373811416861338
393 0.3405070266743061
394 0.39140376235964475
395 0.42953815067355655
396 0.39574473600741716
397 0.41924517609631123
398 0.4053750747272856
399 0.3792568542568543
400 0.37875374625374625
401 0.366094276094276
402 0.3692955192955193
403 0.31858614744579655
404 0.31340578865578866
405 0.2894768512250469
406 0.3521799460524951
407 0.4271719195156695
408 0.2988053902116402
409 0.28990385948832154
410 0.3448999257822787
411 0.28794074357870275
412 0.3359078759378241
413 0.3376277982487133
414 0.32488996849823787
415 0.39887784774148405
416 0.43736402486402487
417 0.4438686313686313
418 0.36351698806244265
419 0.42347841315365825
420 0.43818850902184237
421 0.4216743195221969
422 0.43064164222452267
423 0.3904564350992922
424 0.2608335000666933
425 0.3725063131313131
426 0.40040217645916176
427 0.35152002033795515
428 0.3520056935817805
429 0.2805252838948491
430 0.36802334725192676
431 0.4160104619608166
432 0.3123076764641314
433 0.361361636437199
434 0.3811512946929614
435 0.3644635138571065
436 0.3858914412159848
437 0.4032834757834758
438 0.37484350643909464
439 0.3664650511525511
440 0.42159911507337977
441 0.40374815910658246
442 0.4401320621067255
443 0.42950970742978933
444 0.43146264052237504
445 0.345679012345679
446 0.34930555555555554
447 0.3176734376734377
448 0.34191313860431505
449 0.3980496740913408
450 0.39694058648737013
451 0.3088892420645517
452 0.3843643198906357
453 0.4371957671957672
454 0.40260508524397415
455 0.47375974658869396
456 0.3872765709639348
457 0.4652766215266215
458 0.42909356725146197
459 0.4434846425536653
460 0.43164569805194813
461 0.34274130942573683
462 0.4388257575757576
463 0.3719833745418541
464 0.4166345999679333
465 0.45727272899904164
466 0.40802646647722757
467 0.34133111714945796
468 0.4051329622758194
469 0.4185693935693936
470 0.41692612942612944
471 0.47733516483516486
472 0.4782509157509158
473 0.4385975135975136
474 0.3728640648036737
475 0.4223932949341317
476 0.43067948130273653
477 0.41274809055909534
478 0.4383723062999379
479 0.389448051948052
480 1.0
481 0.3795473301989791
482 0.3954263220439691
483 0.4381344446804973
484 0.4254213048855906
485 0.3880578972684236
486 0.27689313854897535
487 0.3084576463161022
488 0.3986100949888212
489 0.31723493100944083
490 0.33304144275767306
491 0.4139275352944584
492 0.4001049660771883
493 0.3781412479565889
494 0.31166755895616194
495 0.38131771299482936
496 0.44768499707461695
497 0.42305700665075663
498 0.42522088885164544
499 0.39694135853858076
500 0.36969423736030016
501 0.3506318013262458
502 0.28125
503 0.42606362569597866
504 0.45513994552456083
505 0.3736282236282236
506 0.40445955291288066
507 0.4242530987275172
508 0.43525090690183565
509 0.3783866709661482
510 0.2934103314828294
511 0.3876016709898289
512 0.3934365981240981
513 0.39311767852684376
514 0.3862556719573229
515 0.43683836836075457
516 0.44212349933334527
517 0.40729318793044283
518 0.3348603187609354
519 0.3602462352462353
520 0.29161645845629225
521 0.34976697708895854
522 0.4054620313548885
523 0.37823295985060695
524 0.4393448580974116
525 0.4133144633144633
526 0.3796022435310927
527 0.4311664564815825
528 0.37548428420503055
529 0.41850595624091863
530 0.4268892973856209
531 0.39417680378603054
532 0.3391764613986836
533 0.43167335001591844
534 0.42699814074814074
535 0.4281960068916591
536 0.3609607559502678
537 0.42760350593933805
538 0.455207205988456
539 0.3799460668072121
540 0.3774416987333654
541 0.4137587803320562
542 0.32933374619314004
543 0.4088832818088138
544 0.4106822478920002
545 0.4295045036332915
546 0.4123296473759437
547 0.3455135154806207
548 0.4296243686868687
549 0.4209490264637323
550 0.3971676634911929
551 0.3749367068945922
552 0.44299422580054987
553 0.34315221216691805
554 0.3430510778380961
555 0.3888888888888889
556 0.4154118751907299
557 0.39631068036240447
558 0.36418164711167333
559 0.3852887891872566
560 0.43212632275132273
561 0.3992731805231805
562 0.4178322358989043
563 0.3091219209640262
564 0.2
565 0.243801652892562
566 0.33378885003885006
567 0.29116881105077036
568 0.36231677641783855
569 0.39428807617247463
570 0.3790789955207255
571 0.40676756784050655
572 0.40928252303252305
573 0.4037748337513896
574 0.4445295259850191
575 0.40626677654280635
576 0.41076650364780015
577 0.4482349626843294
578 0.35719835719835724
579 0.4328422299850871
580 0.4032824343009528
581 0.4163966517828
582 0.41483747063457205
583 0.42401654428095564
584 0.3821519093046871
585 0.3617514721233458
586 0.2901500226614643
587 0.32164992494803
588 0.2916666666666667
589 0.367
590 0.41014798123380214
591 0.4419730732230732
592 0.460543676690384
593 0.41441476809123867
594 0.4282226579780928
595 0.401521868811937
596 0.35713581466367905
597 0.4666347381864624
598 0.434041828947785
599 0.4142075517075517
600 0.4021900160540139
601 0.42005904428040136
602 0.41663560873942956
603 0.38199747621013863
604 0.27341709004107584
605 0.43851538035361565
606 0.38858333333333334
607 0.45265029088558495
608 0.3363802073310558
609 0.3781755860322682
610 0.45854039483339254
611 0.40289918973493855
612 0.416152216267957
613 0.41835534261654217
614 0.4473163268783129
615 0.4473163268783129
616 0.4237914862914863
617 0.442003367003367
618 0.4365572049437298
619 0.45944389329805996
620 0.3954969439883233
621 0.4147579181446176
622 0.46790252088432677
623 0.4663744854002207
624 0.32640274868893293
625 0.34332915027359473
626 0.29410016483659895
627 0.3986706349206349
628 0.39085781729319286
629 0.38214757934863297
630 0.3343276911904363
631 0.39955055837408776
632 0.3540428707095374
633 0.3805158877622645
634 0.3698608090609951
635 0.3790769869201242
636 0.40356224343780905
637 0.3676431683784625
638 0.3325572365851859
639 0.3351658891966863
640 1.0
641 1.0
642 1.0
643 1.0
644 1.0
645 1.0
646 1.0

Avg. value is: 0.3459099357024786
