1 0.2914285714285714
2 0.21428571428571427
3 0.4090909090909091
4 1.0
5 0.19230769230769232
6 0.2830808080808081
7 1.0
8 0.36666666666666664
9 0.37878787878787884
10 0.36666666666666664
11 0.1746031746031746
12 0.35
13 0.4166666666666667
14 1.0
15 0.41175714112805617
16 0.35
17 0.34415584415584416
18 0.26
19 0.15714285714285714
20 0.375
21 0.2762237762237762
22 0.36363636363636365
23 0.375
24 0.375
25 0.3055555555555556
26 0.36309523809523814
27 0.3888888888888889
28 0.4
29 1.0
30 1.0
31 0.3181818181818182
32 0.23376623376623373
33 0.3888888888888889
34 0.34027777777777785
35 0.3333333333333333
36 0.2219137013779871
37 0.2777777777777778
38 0.375
39 1.0
40 0.38103354978354975
41 0.4
42 0.34615384615384615
43 0.375
44 0.36607142857142855
45 0.3888888888888889
46 1.0
47 0.4166666666666667
48 0.23015873015873012
49 0.16666666666666666
50 0.3888888888888889
51 0.3888888888888889
52 0.3942307692307692
53 0.31
54 1.0
55 1.0
56 1.0
57 1.0
58 1.0
59 0.4230769230769231
60 0.25
61 0.07142857142857142
62 0.14285714285714285
63 0.3
64 0.4090909090909091
65 0.4166666666666667
66 1.0
67 0.35
68 0.3
69 0.36898960363872646
70 1.0
71 1.0
72 0.3333333333333333
73 0.3333333333333333
74 0.1111111111111111
75 0.2857142857142857
76 0.375
77 1.0
78 0.2857142857142857
79 1.0
80 0.21428571428571427
81 1.0
82 0.37916666666666665
83 0.37916666666666665
84 0.09999999999999999
85 0.3333333333333333
86 0.24944444444444444
87 1.0
88 0.26666666666666666
89 0.3472222222222222
90 0.3125
91 0.1875
92 0.40248705542823193
93 0.345679012345679
94 0.4363025863025863
95 0.3868560066476733
96 0.4249071396439817
97 1.0
98 0.38528439153439153
99 0.231859410430839
100 0.3558490062691743
101 1.0
102 0.4182696516106443
103 0.47021037581699343
104 0.34500519506048033
105 0.4090909090909091
106 0.44453703703703706
107 0.3156276572298244
108 1.0
109 0.4377021852512049
110 1.0
111 0.4197422202272407
112 0.3767036534893678
113 0.4357905982905983
114 0.4267857142857143
115 0.4391534391534392
116 0.3248979591836734
117 0.335978835978836
118 0.3840628507295174
119 0.25
120 0.24913720538720538
121 1.0
122 0.3181818181818182
123 1.0
124 0.37707070707070706
125 0.39627594627594626
126 1.0
127 0.385899897593446
128 1.0
129 0.37061226784910994
130 0.3846618580993581
131 0.3042222222222222
132 0.454655890984016
133 0.4349662837162837
134 0.32237762237762235
135 0.4770408163265306
136 0.4211205461205461
137 0.3888888888888889
138 0.3525
139 0.4010804321728691
140 0.4078333333333333
141 0.29966742012196557
142 0.40120421245421245
143 0.42675108225108227
144 0.43526684221128664
145 0.43856619075369074
146 0.35
147 0.30609334081556305
148 0.3781751434689223
149 0.3
150 0.45
151 1.0
152 1.0
153 0.42665844298245614
154 0.4335978835978836
155 0.3222222222222222
156 1.0
157 1.0
158 1.0
159 1.0
160 1.0
161 1.0
162 0.3424479166666667
163 0.41278630604288497
164 1.0
165 0.39471529287705753
166 0.32361038432467
167 0.42179354096350147
168 1.0
169 1.0
170 0.3998544837038129
171 0.43421531770602967
172 1.0
173 1.0
174 1.0
175 1.0
176 0.2986394557823129
177 0.1875
178 0.29166666666666663
179 1.0
180 1.0
181 0.3125
182 0.38015448603683893
183 0.3908459595959596
184 0.37878787878787884
185 1.0
186 1.0
187 0.29809523809523814
188 0.4010376878023937
189 0.32723466280451574
190 0.4664635775746887
191 0.4290430762652985
192 0.4226167827270768
193 0.4001653439153439
194 0.42371059534925076
195 0.4011019416550107
196 0.2295959595959596
197 0.41704169690818294
198 0.38733625028958946
199 0.3154411764705882
200 0.3615384615384615
201 0.3808578987150416
202 0.4744836182336182
203 0.44283496732026145
204 0.3148227712137487
205 0.3438537096962163
206 0.30489081256625117
207 0.3333333333333333
208 0.441087962962963
209 0.43060951394284724
210 0.4090141612200436
211 0.3669144791989619
212 0.40444705927242686
213 0.44948798580874055
214 0.4662698412698413
215 0.3508081371654026
216 0.4634453781512605
217 0.36666666666666664
218 0.3482312440645774
219 0.3909722222222222
220 0.26
221 0.40286724386724393
222 0.3308254502698947
223 0.3983790639368596
224 0.44322947291213555
225 0.2792207792207792
226 0.4
227 0.31996338383838385
228 0.3
229 0.4623007518796992
230 0.42747619047619045
231 0.21354166666666666
232 0.43404761904761907
233 0.44261294261294265
234 0.34545454545454546
235 0.24264069264069266
236 0.4029548734094188
237 0.39697518683586797
238 0.3333333333333333
239 0.35893853445936785
240 0.3607378389785797
241 0.23966049382716048
242 0.2040816326530612
243 0.31475579975579976
244 0.4358465608465608
245 1.0
246 1.0
247 0.35891812865497075
248 1.0
249 0.3558769230769231
250 0.4222595704948646
251 0.4491053933988717
252 0.35185185185185186
253 0.39364468864468866
254 0.4146596921596921
255 0.36216746297181085
256 1.0
257 0.42777777777777776
258 0.25
259 0.408264652014652
260 0.3889673541327953
261 0.37394390411631795
262 0.3611084567606307
263 0.3809619234619235
264 0.4477287581699346
265 1.0
266 0.4448412698412698
267 0.42857142857142855
268 0.45794595616024186
269 0.4293058793058793
270 0.375
271 0.375
272 0.1875
273 0.23633156966490299
274 0.32960390946502055
275 0.4293130737575182
276 0.29814814814814816
277 0.31820987654320987
278 0.2964646464646465
279 0.3151388888888889
280 1.0
281 1.0
282 1.0
283 0.4450108225108225
284 0.4433928571428572
285 0.18983843537414963
286 0.4390542328042328
287 1.0
288 0.4454931972789115
289 0.4166666666666667
290 0.3568672839506173
291 0.3888888888888889
292 1.0
293 1.0
294 1.0
295 0.45592185592185597
296 0.4523097273097273
297 0.43151983344291034
298 0.4215388007054674
299 0.4355921855921856
300 0.4192872479104363
301 0.375
302 1.0
303 0.43805555555555553
304 0.4230769230769231
305 0.45787037037037037
306 0.43371469800041224
307 0.41052350427350426
308 0.4402719421101774
309 0.3523076923076923
310 0.4039351851851852
311 0.39351412111280537
312 0.43670044218289833
313 0.3991041366041366
314 0.4383898508898509
315 0.3125
316 0.4724658869395712
317 0.37727575454848183
318 0.40551724137931033
319 0.3630050505050505
320 0.3941945914168137
321 0.34333800186741364
322 0.2340258467023173
323 0.2727272727272727
324 0.3372541407867495
325 0.4536348267117498
326 0.24658385093167703
327 0.3251984126984127
328 0.22000000000000003
329 0.4175782018493016
330 0.3362592231056284
331 0.4091666666666667
332 0.32011790293040293
333 0.3922359019581242
334 0.36363636363636365
335 0.2717352092352092
336 0.4333333333333334
337 0.3709149768360295
338 0.46944444444444444
339 0.37863756613756616
340 0.3880213196389667
341 0.44170274170274176
342 1.0
343 0.4046232702482702
344 0.4023395090359377
345 0.3717375217375217
346 0.40776862026862026
347 0.4276903651903652
348 0.4322916666666667
349 0.31165979971610774
350 0.4265073005698006
351 0.41843316405816405
352 0.44078144078144077
353 0.4192198863937994
354 0.42645903479236813
355 0.33044733044733043
356 0.4020547828240136
357 0.4230769230769231
358 0.4666100944510036
359 0.32069805194805195
360 0.4467592592592593
361 1.0
362 0.39126984126984127
363 0.4658436213991769
364 1.0
365 0.4649528371954842
366 1.0
367 0.4652777777777778
368 0.37063492063492065
369 0.4135942760942761
370 1.0
371 0.4093915343915344
372 0.41534391534391535
373 0.46150793650793653
374 0.4583662064431295
375 0.4183685595450301
376 1.0
377 1.0
378 0.4317849548112706
379 0.42074074074074075
380 0.42567340067340065
381 0.4110409652076319
382 0.4401851851851852
383 0.26691574927462025
384 0.5
385 0.4299603174603175
386 0.4303240740740741
387 1.0
388 0.40633156966490297
389 1.0
390 0.34162037037037035
391 0.4386764705882353
392 0.41648135867963454
393 0.41152777777777777
394 0.35138888888888886
395 0.42534289588598156
396 0.42911255411255406
397 0.40206228956228957
398 0.4041005291005291
399 0.4087719298245614
400 0.4261423319327731
401 0.3509419121183827
402 0.43223443223443225
403 0.4252670523920524
404 0.36743589743589744
405 0.360515873015873
406 0.408641975308642
407 0.4045138888888889
408 0.35127314814814814
409 0.3172635677231266
410 1.0
411 0.41430380319269206
412 0.4156195811657996
413 0.36580127086663033
414 0.39561191626409015
415 0.360396695055786
416 0.3282082500832501
417 0.45275719650719654
418 1.0
419 1.0
420 1.0
421 0.37073794261294263
422 1.0
423 0.2671750398724083
424 0.4239503882361025
425 0.33376172438672436
426 0.42247433650286914
427 1.0
428 0.3599151452412322
429 0.44222222222222224
430 0.40946583178726037
431 0.39294038837023026
432 0.3638496410128977
433 0.32858789760963675
434 0.41582935985109903
435 0.38249482401656315
436 0.3978859103859103
437 0.4226496140862657
438 0.40287668050903347
439 0.36194164631664627
440 0.41398272887243476
441 0.3562123465466489
442 0.37535496154777204
443 0.37763451825951827
444 0.41065861612301247
445 0.3587962962962963
446 0.3900462962962963
447 0.359502442002442
448 0.4129540598290598
449 0.3350915172299976
450 0.4010294129738574
451 1.0
452 0.437974987974988
453 1.0
454 1.0
455 0.43915085817524846
456 1.0
457 1.0
458 1.0
459 0.4380663780663781
460 0.4311594202898551
461 0.4144032921810699
462 0.45717592592592593
463 0.3765272820097381
464 0.40037359618665824
465 0.42000841097308483
466 0.3975230485417242
467 0.39734357463524134
468 0.44281462585034015
469 0.47704048088663475
470 1.0
471 1.0
472 1.0
473 1.0
474 0.451140873015873
475 0.40575396825396826
476 0.4361132914704343
477 0.4463269054178145
478 0.47177960927960927
479 0.4380065767565767
480 1.0
481 0.4306566119066119
482 1.0
483 0.4055617604359865
484 1.0
485 0.4157745554362096
486 0.42979497354497354
487 0.42101934523809526
488 0.39353054353054356
489 0.4065845782757547
490 0.4239537646198831
491 0.4230199024054066
492 0.4330246913580247
493 0.32108734959037377
494 0.41284913003663004
495 0.40156355989689324
496 0.4358485958485959
497 0.41295310592185597
498 0.3430987993487994
499 0.40022578411058807
500 0.4359007912929481
501 0.3899324973226258
502 0.3651922151922152
503 0.39072420634920635
504 0.453232520168004
505 0.38124992291658955
506 0.44024928774928773
507 0.39997945335512175
508 0.4394226960403431
509 0.3659709991436046
510 0.3965364661793233
511 0.39233405483405487
512 0.43167669397508107
513 0.4286324786324786
514 0.4174007936507937
515 0.4522664835164835
516 0.45468227424749164
517 1.0
518 0.36024531024531026
519 0.3942307692307692
520 0.4112554112554113
521 0.38461538461538464
522 0.4622660276231705
523 0.4376666666666667
524 0.4476010101010101
525 1.0
526 0.44345621698562876
527 0.42859204287775715
528 1.0
529 1.0
530 0.41746908569825236
531 0.44982638888888893
532 0.4343033509700176
533 0.4064446949062334
534 1.0
535 1.0
536 0.44683470651212587
537 0.42791790674603175
538 0.3830255268061641
539 0.4428202459758832
540 0.43157407407407405
541 0.411756221719457
542 0.33474433343092763
543 1.0
544 0.45124181019774884
545 1.0
546 0.45992395869752944
547 0.43586894586894587
548 0.4238970588235294
549 1.0
550 0.43563159242191496
551 0.4297437336326225
552 0.4337295753126474
553 1.0
554 1.0
555 1.0
556 0.42712336311935245
557 0.4486805555555556
558 0.46384479717813054
559 0.37810825828067207
560 0.36009560245671357
561 0.4626543209876543
562 0.4337527056277056
563 0.35064935064935066
564 0.4
565 0.33766233766233766
566 0.4219444444444444
567 0.37866161616161614
568 0.3820327183391465
569 0.4583180708180708
570 0.41084752986068773
571 0.41603396603396603
572 0.43683110870610875
573 0.3662781662781663
574 0.3026670930080021
575 0.43223997493734334
576 0.37217225342753063
577 0.45902516708437757
578 0.46272385022385026
579 0.3814625850340136
580 0.3798829257162591
581 0.44587568228872576
582 0.43461201467073196
583 0.43990740740740736
584 0.3686513717763718
585 0.3713443613661046
586 0.38734893102540163
587 0.407631874298541
588 0.39397897275702326
589 1.0
590 0.4441077441077441
591 1.0
592 0.43346146651702205
593 0.4456426976807411
594 0.4220403439153439
595 0.4353141853896685
596 0.42148034920213845
597 1.0
598 0.41759259259259257
599 0.44121660149885955
600 0.41498003343205736
601 1.0
602 0.4722222222222222
603 0.3994929336432604
604 0.3560395020843313
605 0.4353501855349973
606 1.0
607 1.0
608 0.4237282309190911
609 0.44432720057720054
610 0.4344122023809524
611 0.37592960023515576
612 0.4374375367430923
613 0.44009920634920635
614 1.0
615 1.0
616 1.0
617 1.0
618 1.0
619 1.0
620 0.4295844916249328
621 0.396482683982684
622 0.41253097392803273
623 0.4298744658119658
624 0.35446326464249256
625 0.39738679983778025
626 0.43762770151659036
627 0.3800756902411314
628 0.36739805922523844
629 0.35240381256925374
630 0.39384920634920634
631 0.39918414918414924
632 0.3724789870623204
633 0.39868712442241855
634 0.3114583164774981
635 0.4012692050893538
636 0.3737745098039216
637 0.37698958857047093
638 0.4253500100722323
639 1.0
640 1.0
641 1.0
642 1.0
643 1.0
644 1.0
645 1.0
646 1.0

Avg. value is: 0.496474466306161
