1 0.16785714285714284
2 0.15476190476190474
3 0.36363636363636365
4 0.2289351851851852
5 0.2777777777777778
6 0.2
7 0.29166666666666663
8 0.21666666666666665
9 0.37878787878787873
10 0.1625
11 0.125
12 0.25
13 0.26430555555555557
14 0.4090909090909091
15 0.24074074074074078
16 0.3
17 0.1
18 0.061111111111111116
19 0.35
20 0.20833333333333334
21 0.2845454545454546
22 0.24025974025974026
23 0.21666666666666667
24 0.1818181818181818
25 0.30952380952380953
26 0.08750000000000001
27 0.17592592592592593
28 0.125
29 0.24444444444444446
30 0.3518518518518518
31 0.14685314685314685
32 0.16233766233766234
33 0.24319172113289758
34 0.212719298245614
35 0.1925925925925926
36 0.2285714285714286
37 0.25
38 0.3333333333333333
39 0.2785714285714285
40 0.22979797979797978
41 0.26764705882352946
42 0.08653846153846154
43 0.17592592592592593
44 0.2941176470588235
45 0.3055555555555555
46 0.36666666666666664
47 0.3888888888888889
48 0.35185185185185186
49 0.3333333333333333
50 0.2175925925925926
51 0.13749999999999998
52 0.2403846153846154
53 0.25833333333333336
54 0.125
55 0.31836419753086415
56 0.2708333333333333
57 0.3888888888888889
58 0.17878787878787877
59 0.25
60 0.37
61 0.32653061224489793
62 0.2777777777777778
63 0.25
64 0.2727272727272727
65 0.13425925925925927
66 0.22685185185185186
67 0.4
68 0.26
69 0.18055555555555555
70 0.21428571428571427
71 0.2857142857142857
72 0.25
73 0.024691358024691357
74 0.0617283950617284
75 0.22448979591836732
76 0.332010582010582
77 0.25
78 0.3862433862433862
79 0.3333333333333333
80 0.17353479853479856
81 0.3333333333333333
82 0.3708994708994709
83 0.3333333333333333
84 0.2777777777777778
85 0.21428571428571427
86 0.3
87 0.23333333333333334
88 0.23666666666666666
89 0.1623931623931624
90 0.3375
91 0.18831168831168832
92 0.339069264069264
93 0.38641975308641974
94 0.4266252266252266
95 0.40328347875862497
96 0.3854166666666667
97 0.38881469610636277
98 0.3580647857433572
99 0.35714285714285715
100 0.4140873015873016
101 0.39564814814814814
102 0.28125
103 0.37273721988795516
104 0.37291375004107924
105 0.3896103896103896
106 0.40424703078176166
107 0.32032979858610106
108 0.22170868347338937
109 0.4419191919191919
110 0.38867880485527545
111 0.4247232664995823
112 0.4071347898133612
113 0.2726190476190476
114 0.3893907315155915
115 0.37847502805836136
116 0.21392857142857144
117 0.39262357006922227
118 0.44613739150377074
119 0.22499999999999998
120 0.24443346005846003
121 0.3876007326007326
122 0.3
123 0.32804887106357694
124 0.328033633033633
125 0.36507936507936506
126 0.39013862400226035
127 0.4673099078341014
128 0.365461493239271
129 0.3864101957070707
130 1.0
131 1.0
132 0.43464291784604286
133 0.44880931036245797
134 0.2621651076196531
135 0.4361923294959009
136 0.463905538905539
137 0.35185185185185186
138 0.2843181818181818
139 0.26760704281712683
140 0.32534722222222223
141 0.2949027119481665
142 0.37915198030289493
143 0.31392578427904516
144 0.43512647483235717
145 0.3522990511390029
146 0.3332380952380952
147 0.45394153171930957
148 0.36219996131896376
149 0.20733333333333331
150 0.3404713804713805
151 0.29743104806934595
152 0.35
153 0.4571097883597883
154 0.4199807051658903
155 0.3482142857142857
156 0.406255450898308
157 0.41746309246309243
158 0.41639880952380953
159 0.375
160 0.4166666666666667
161 0.35714285714285715
162 0.3577724358974359
163 0.3333333333333333
164 0.21550102947161767
165 0.36096395354219174
166 0.3640865748008605
167 0.4435625485625485
168 0.43811026936026937
169 0.2361111111111111
170 0.43711037271756514
171 0.4486433411931601
172 0.3696969696969697
173 0.40714285714285714
174 0.4083333333333333
175 1.0
176 0.31513743708865655
177 0.2708333333333333
178 0.3794642857142857
179 0.34626068376068375
180 0.34626068376068375
181 1.0
182 0.29624793020656537
183 0.4170711233211233
184 0.36643356643356645
185 0.38347323242060083
186 0.4432010582010582
187 0.23214285714285715
188 1.0
189 0.45370985603543745
190 0.3120791245791246
191 0.3681511598178264
192 0.38226319908305206
193 0.3645833333333333
194 0.39370648844333056
195 0.37946816637849606
196 0.28515151515151516
197 0.3864918588893047
198 0.4081946728755788
199 0.21441604419545596
200 0.2
201 0.3040300963380521
202 0.4431781808648757
203 0.42620437181663834
204 0.35714285714285715
205 0.37817360109026776
206 0.43886742318759864
207 0.38015408892601876
208 0.4257436267436267
209 0.33595463178796514
210 0.29655683822350487
211 0.3605174899825371
212 0.4118938526930013
213 0.35521504819372335
214 0.4357573927310769
215 0.3458857614120772
216 0.40927767922253216
217 0.21428571428571427
218 0.41955467372134037
219 0.429938750862664
220 0.3
221 0.38210978835978837
222 0.39543639488083937
223 0.37569544652877984
224 0.408996743996744
225 0.262987012987013
226 0.33278409090909095
227 0.3576578282828283
228 0.25303030303030305
229 0.39921695665445667
230 0.41593772893772896
231 0.25925925925925924
232 0.4522323972323972
233 0.44882042560613983
234 0.2727272727272727
235 0.3896103896103896
236 0.41558298603753147
237 0.4131010111554504
238 0.25
239 1.0
240 0.4240869341563786
241 0.3333333333333333
242 0.35714285714285715
243 0.3269593877437015
244 0.37546157546157544
245 0.3712454212454212
246 1.0
247 0.4463510925467447
248 0.44052716709579454
249 0.32048433048433045
250 0.36138111991306715
251 0.37354725234176306
252 0.2222222222222222
253 0.3536868686868687
254 0.3802830724026377
255 0.2843452380952381
256 0.4107808857808858
257 0.4252840909090909
258 0.16666666666666669
259 0.45311355311355317
260 0.42747860441358887
261 0.29124815332183784
262 0.352027602027602
263 0.38238767324293643
264 0.4214351851851852
265 0.42291666666666666
266 0.405
267 0.32142857142857145
268 0.42681878306878307
269 0.4113832358249232
270 0.3294270833333333
271 0.29099326599326597
272 0.2587962962962963
273 0.16666666666666666
274 0.43881172839506166
275 0.3987727807172251
276 0.125
277 0.23015873015873012
278 0.29090909090909095
279 0.15454545454545454
280 0.41229603729603725
281 0.41651139746059535
282 0.30268094892277897
283 0.41133832284194605
284 0.43817279942279946
285 0.2646022297808012
286 0.3707775408143055
287 0.40181376511263733
288 0.35714285714285715
289 0.4072420634920635
290 0.36959876543209874
291 0.19270833333333334
292 0.3230379481097872
293 0.3899541634835753
294 0.3886574074074074
295 0.4333701021201021
296 0.3827745783628137
297 0.4206284943127048
298 0.40928154089918795
299 0.4325396825396825
300 0.4440777870602432
301 0.2604166666666667
302 0.44899392134240623
303 0.34997388267862406
304 0.33974358974358976
305 0.437246951920865
306 0.47573696145124716
307 0.3898927654732608
308 0.4517951127819549
309 0.2875
310 1.0
311 0.3890873015873016
312 0.2777777777777778
313 0.38314075869685155
314 0.40233840774776447
315 0.2125
316 0.43593874205716315
317 0.37913904277540633
318 0.3011894967777321
319 0.40907647907647904
320 0.4358612580834803
321 0.2472180724141509
322 0.3890476190476191
323 0.32727272727272727
324 0.3372541407867495
325 0.4285311313874662
326 0.16699201419698315
327 0.29375
328 0.37191358024691357
329 0.35171876326288093
330 0.36248176599483783
331 0.3512553237669337
332 0.30191909394212024
333 0.2996433093655316
334 0.4054834054834054
335 0.31169307158890497
336 0.33577677224736047
337 0.403056758056758
338 0.40688492063492065
339 0.3556951793062904
340 0.40627667539432244
341 0.33141561721107177
342 0.353635539297304
343 0.43217685092685093
344 0.41233022929451496
345 0.3419716646989374
346 0.3030518093018093
347 0.3735701798201798
348 0.38305271726324364
349 0.36335954894778427
350 0.4131919006919007
351 0.4229458218796454
352 0.38125300625300623
353 0.35295192710515294
354 0.34740709544631115
355 0.2966662422544775
356 0.40115664250279637
357 0.3614307261366085
358 0.44080439762257934
359 0.38843795093795097
360 0.4679571971238638
361 0.38063854548229553
362 0.35241184558618766
363 1.0
364 0.43703342953342955
365 0.42019345238095235
366 0.41495115995116
367 0.40407647907647903
368 0.4182072829131652
369 0.47180134680134683
370 0.3949200336700337
371 0.3678140642426357
372 0.3817029639040509
373 0.418556449301791
374 0.39804593460969984
375 0.3954018204018204
376 0.38981262844899206
377 0.37844131745447535
378 0.4234053081421502
379 0.3953072853072853
380 0.42872406864342344
381 0.421676343204121
382 0.38946054750402576
383 0.24034391534391536
384 0.36635664682539687
385 0.4299603174603175
386 0.44953703703703707
387 0.4526404309216412
388 0.46214365881032543
389 0.45963383838383837
390 0.4248747276688453
391 0.45212618367030133
392 0.3674653269021648
393 0.2873932451306465
394 0.3830041476828561
395 0.33655335466588476
396 0.42270472582972585
397 0.34223258991705846
398 0.3842321354881164
399 0.4607142857142857
400 0.37684205500381973
401 0.4031313131313131
402 0.3941488295654962
403 0.37373927461427464
404 0.423875111000111
405 0.360515873015873
406 0.408641975308642
407 0.4015758547008547
408 0.29006265096618356
409 0.4631168395874278
410 0.4140198672061417
411 0.33669861063651907
412 0.4361894757903161
413 0.3730754841865953
414 0.26479429002918037
415 1.0
416 0.3953961547711548
417 0.43982984607984604
418 0.40588530889117397
419 0.45018719234286037
420 0.472535035035035
421 0.3940457112332112
422 0.4530262021090825
423 0.40866831581117297
424 0.3066279289493575
425 0.39155971594830286
426 0.3862999673937174
427 0.31385882635882634
428 0.3482715201465202
429 0.384867224278989
430 0.35490878169449597
431 0.45744348244348243
432 0.4132275132275132
433 0.37621252204585537
434 0.3838562035120006
435 0.34984374176548083
436 0.412805576776165
437 0.41008954008954007
438 0.44827917014759117
439 0.33418485449735447
440 0.32407754962902025
441 0.3983475629308962
442 0.3544873533027128
443 0.4268318487068487
444 0.41442989267241914
445 0.4087301587301587
446 0.42824074074074076
447 0.2972188922188922
448 0.38312348220596304
449 0.4252382897603486
450 0.32391831419609196
451 0.3127475958817871
452 0.3707958918186191
453 0.43570616883116886
454 0.42856240981240984
455 0.3890068473939442
456 0.4389604968906044
457 0.4548659673659674
458 0.35586776529664466
459 0.42998706004140785
460 0.459375
461 0.4572304447304447
462 0.44007253973714244
463 0.46363093645515385
464 0.450518077601411
465 0.4601851851851852
466 0.44784151034151026
467 0.39207448976709086
468 0.4051329622758194
469 0.39488711136589116
470 0.389575702075702
471 1.0
472 0.41589105339105337
473 0.44247042420503535
474 0.30860953942094294
475 0.3289543544805648
476 0.37118683843307904
477 0.4198412698412699
478 0.47254507797270956
479 1.0
480 0.4208799615417263
481 0.40145656053836826
482 0.37198932044907274
483 0.43763932331421734
484 0.4241521010318003
485 0.43532993739760656
486 0.4161991648511256
487 0.4057240604575163
488 0.3905887884226091
489 0.35063219732337375
490 0.42950445246546254
491 0.42024452156031106
492 0.4450518360240583
493 0.4101038542274955
494 0.39146959496823625
495 0.4202553109273769
496 0.35372446589358353
497 0.3297422773985274
498 0.4286088911088911
499 0.4271006771006771
500 0.35562017108069743
501 0.3720004532504532
502 0.27346299533799534
503 0.3922696053946054
504 0.45390099615204804
505 0.4229185971033797
506 0.3567641223155929
507 0.4140800524490364
508 0.4158734718822438
509 0.361731814791494
510 0.41111015587151584
511 0.43870065230786853
512 0.37110211938408283
513 0.4560639929870699
514 0.4174308561808562
515 0.4716499645292215
516 0.4583897592673684
517 0.44797657610802605
518 0.3364357864357865
519 0.3736263736263736
520 0.34615384615384615
521 0.3131868131868132
522 0.3907384904233644
523 0.39984190645955353
524 0.4584594565293095
525 0.43121967901379665
526 0.4108509954098189
527 0.4068563031273115
528 0.4371819064126757
529 0.4499685412749322
530 0.45685425685425685
531 0.45260496671787
532 0.4030222440353159
533 0.3814531500889821
534 0.442153540903541
535 0.45099663335005896
536 0.44203427291662584
537 0.42507896692679303
538 0.45589375901875906
539 0.35072346634846635
540 0.4354007335257335
541 0.41199774044601634
542 0.4408603691200451
543 0.4168462689844269
544 0.3866358024691358
545 0.4358357565554535
546 0.3870442160719938
547 0.3876421356421356
548 0.42720919807316865
549 0.4234196223166811
550 0.4001177248677249
551 1.0
552 0.40437230698594334
553 0.4056733266733266
554 0.34844358683644394
555 0.40266236124079263
556 0.4580860378818405
557 0.41638888888888886
558 0.40511859573162257
559 0.377141108678465
560 0.4672986478542034
561 0.43807853668964786
562 0.4108956335059276
563 0.38457190957190956
564 0.3333333333333333
565 0.3090909090909091
566 0.31708333333333333
567 0.29604233517306294
568 0.39477882679463705
569 0.41130290530039904
570 0.35308013863022836
571 0.4496654860291223
572 0.44312981000481005
573 0.44151064984398314
574 0.4167874396135265
575 0.422989977858399
576 0.34354743202196053
577 0.3584691336082682
578 0.36489606072939407
579 0.41157142668884356
580 0.42791205707872376
581 0.4202741880495022
582 0.35837603083979896
583 0.4593863724351529
584 0.41333843246953006
585 1.0
586 0.44202208419599726
587 0.2917724251057584
588 0.3967664481251438
589 0.35033333333333333
590 0.4311878306878307
591 0.43140514057180723
592 0.4276345552372123
593 0.4280908396416417
594 0.42097321181372904
595 0.40230235411394827
596 0.4217772340333593
597 0.4230572925017369
598 0.4125702662288028
599 1.0
600 0.4392976347324174
601 0.4474473473740336
602 0.4493772209891224
603 0.4354299339726617
604 0.3555706966922315
605 0.40147099813664355
606 0.4197063492063492
607 0.4526435574229692
608 0.39989008669564224
609 0.38202901765401764
610 0.2860428537511871
611 0.3199264141731185
612 0.4084656084656085
613 0.43205482987741045
614 0.449739997094686
615 0.449739997094686
616 0.4237914862914863
617 0.4404160654160654
618 0.44195767195767194
619 0.429770171957672
620 0.3929032483719984
621 0.3767702535559678
622 0.39982678048715786
623 0.36264184651133186
624 0.45252042669805825
625 0.39367086103197213
626 0.37812010218055975
627 0.3306547619047619
628 0.445092585067058
629 0.3080419431110408
630 0.40999185999186
631 0.38932299132833886
632 0.36326821326821324
633 0.42262737716169085
634 0.44417645846217274
635 0.4243827160493827
636 0.4230769230769231
637 0.3117063492063492
638 0.296597261058964
639 0.3800604137291444
640 1.0
641 1.0
642 1.0
643 1.0
644 1.0
645 1.0
646 1.0

Avg. value is: 0.38354363814257275
