1 0.16444444444444445
2 0.15714285714285717
3 0.2727272727272727
4 0.4
5 0.24188034188034188
6 0.2
7 0.2892501017501018
8 0.3
9 0.2784090909090909
10 0.25
11 0.3888888888888889
12 0.25
13 0.3333333333333333
14 0.36363636363636365
15 0.2947331740342493
16 0.3071486291486291
17 0.1861528326745718
18 0.3303500846979108
19 0.35177865612648224
20 0.2586306269363951
21 0.39568681467077194
22 0.19465151515151516
23 0.0703125
24 0.1875
25 1.0
26 0.25961538461538464
27 0.21759259259259262
28 0.25
29 0.16666666666666666
30 0.35185185185185186
31 0.24301948051948055
32 0.22727272727272727
33 0.23333333333333334
34 0.2222222222222222
35 0.3333333333333333
36 0.14285714285714285
37 0.0625
38 0.2625
39 0.3095238095238095
40 0.20021645021645024
41 0.27152777777777776
42 0.18028846153846154
43 0.2986111111111111
44 0.2857142857142857
45 0.3055555555555555
46 0.36666666666666664
47 0.2986111111111111
48 0.2916666666666667
49 0.3888888888888889
50 0.21354166666666666
51 0.255952380952381
52 0.19230769230769232
53 0.27999999999999997
54 0.3
55 0.3333333333333333
56 0.2569444444444445
57 0.4166666666666667
58 0.3375
59 0.38461538461538464
60 0.29375
61 0.21428571428571427
62 0.19107142857142856
63 0.2
64 0.2818181818181818
65 0.2916666666666667
66 0.2199074074074074
67 0.2536842105263158
68 0.33505468215994527
69 0.25720361509835193
70 0.2380952380952381
71 0.35714285714285715
72 0.25
73 0.28758169934640526
74 0.34417989417989425
75 0.15068027210884358
76 0.33331830206830204
77 0.291912177328844
78 0.20624916633319998
79 0.3333333333333333
80 0.3186813186813186
81 0.3333333333333333
82 0.2958994708994709
83 0.25
84 0.3333333333333333
85 0.11666666666666665
86 0.019999999999999997
87 0.3333333333333333
88 0.20555555555555555
89 0.21212121212121213
90 0.24107142857142855
91 0.25133689839572193
92 0.36514235356147123
93 0.35555555555555557
94 0.3850593850593851
95 0.36469294742615815
96 0.3758148714031067
97 0.38881469610636277
98 0.4026313303099017
99 1.0
100 0.39886621315192744
101 0.37492410367410367
102 0.25
103 0.32736847829243343
104 0.3548461606864968
105 0.2727272727272727
106 0.37321882134033835
107 0.29377821038037755
108 0.35714285714285715
109 0.4419191919191919
110 0.4219607843137254
111 0.3686484005151768
112 0.3641201721558865
113 0.4166666666666667
114 0.40697272513061983
115 0.37959205582393984
116 0.12081632653061224
117 0.3557278810089904
118 0.36942631978863866
119 0.375
120 0.3105114289896898
121 0.3214778325123153
122 0.4090909090909091
123 0.4349933155080214
124 0.34429180296827355
125 0.3333333333333333
126 0.3815985259950777
127 0.43379686157463937
128 0.40249853027630805
129 0.44031746031746033
130 0.3925366850366851
131 0.41111111111111115
132 0.4082168265762016
133 0.3928870155185945
134 0.30400659946114494
135 0.4044206785278214
136 0.4205821955821957
137 0.2335978835978836
138 0.3136111111111112
139 0.2891025641025641
140 0.2628098290598291
141 0.42147347601893065
142 0.38440947940947945
143 0.32333127983127985
144 0.32100417586528696
145 0.44149137899137897
146 0.1
147 0.3815608426311041
148 0.3009022907355789
149 0.20733333333333331
150 0.375
151 0.28599752586594696
152 0.4
153 1.0
154 0.4104938271604939
155 0.3125
156 1.0
157 0.3473052448802379
158 0.33541666666666664
159 0.3078703703703704
160 0.4166666666666667
161 0.35714285714285715
162 0.39204181235431235
163 0.3333333333333333
164 0.3030773420479303
165 0.3738095238095238
166 0.3507456828885401
167 0.43252086078173035
168 0.3903741527217137
169 0.3102880658436214
170 0.45434982093335496
171 0.41984129277759424
172 0.24894620811287477
173 0.4041208791208791
174 0.3619047619047619
175 1.0
176 0.23650793650793653
177 0.25
178 1.0
179 0.2504273504273504
180 0.29764957264957265
181 1.0
182 0.40041138250171865
183 0.38733698593073596
184 0.22727272727272727
185 0.41263838013838017
186 0.40617266992267
187 0.19047619047619047
188 0.48366590007215005
189 0.3874244678932178
190 0.3617413553524665
191 0.4005447212555055
192 0.3828695473916062
193 0.26977926587301587
194 0.3205972626741699
195 0.38282528158230117
196 1.0
197 0.38481118662039715
198 0.3728567742886629
199 0.24401260504201677
200 0.22638978668390433
201 0.27242563692143523
202 0.4378481514171991
203 0.40355800653594776
204 0.25357142857142856
205 0.4596153950363617
206 0.4046732994101415
207 0.3561660561660562
208 0.45867712842712843
209 0.4045456344067455
210 0.36666666666666675
211 0.3216184010081469
212 0.4681973354840034
213 0.4399861387799985
214 0.44578634085213037
215 0.3923597053531264
216 0.26722483075521003
217 0.35
218 0.4021723646723647
219 0.4053416393547972
220 0.27222222222222225
221 0.40707671957671954
222 0.43385805552472223
223 0.31959876543209875
224 0.36072954822954817
225 0.2815656565656566
226 0.33920743145743143
227 0.39092496776273383
228 0.2041666666666667
229 0.3762476657329598
230 0.4161594693432928
231 0.1715277777777778
232 0.42547619047619045
233 0.45925925925925926
234 0.3181818181818182
235 0.32954545454545453
236 0.4594345535733096
237 0.3961484593837535
238 0.38710748792270533
239 1.0
240 0.36962715782160227
241 0.28311965811965817
242 0.35714285714285715
243 0.259421805046805
244 0.4104192104192104
245 0.35185185185185186
246 0.3888888888888889
247 0.41105223063055824
248 0.4613351769713662
249 0.19963237900157405
250 0.41838256242668004
251 0.3728414848108555
252 0.31481481481481477
253 0.3793012543012543
254 0.3984595034595035
255 0.36666666666666664
256 0.43073621553884706
257 0.3556848244348244
258 0.13392857142857142
259 0.4701683738629551
260 0.39540763056388056
261 0.3972059779077322
262 0.36377000192789666
263 0.4495401903451439
264 1.0
265 0.4287196356275304
266 0.42761904761904757
267 0.3375595238095238
268 1.0
269 0.4564649679403777
270 0.3196614583333333
271 0.29099326599326597
272 0.3837962962962963
273 0.12522045855379188
274 0.35618386243386246
275 0.42885802469135803
276 0.2425925925925926
277 0.1916225749559083
278 0.2248737373737374
279 0.21470588235294116
280 0.39759744748715337
281 0.37723729775868814
282 0.35185185185185186
283 0.429859060692394
284 0.41593073593073593
285 0.3747637944066516
286 0.42739788615392477
287 0.47723421106879743
288 0.4047619047619047
289 0.4453125
290 0.3849096119929453
291 1.0
292 0.4422453703703703
293 0.418588173522384
294 0.34855905546695026
295 0.3650907141291757
296 0.4004162794946315
297 0.4129194879194879
298 0.4066139923983061
299 0.2994440744440744
300 0.3918803418803419
301 0.3434027777777778
302 0.44874284830835637
303 0.315351966873706
304 0.3507692307692307
305 0.42647156084656085
306 0.40990517419088845
307 0.3214772343884186
308 0.31693448364501
309 0.36698946886446887
310 0.4087301587301587
311 0.46933170995671
312 0.33866713352007466
313 1.0
314 0.40302333171485216
315 0.2952717391304348
316 0.4310376879455828
317 0.32729240456513176
318 0.2615903540903541
319 0.2630050505050505
320 0.35672514619883033
321 0.3221134883634884
322 0.32502164502164504
323 1.0
324 0.3904761904761905
325 0.4201955567057377
326 0.13819382825594007
327 0.3329545454545455
328 0.3262637362637363
329 0.2686512058203235
330 0.34170254521561705
331 0.41973824786324787
332 0.3460975656288156
333 0.36151528512639625
334 0.2887970615243342
335 0.33606777096360424
336 0.22272727272727275
337 0.39001662166984746
338 0.42215187590187586
339 0.34621546149323934
340 0.3839713064713065
341 0.32492211071756527
342 0.37689594356261025
343 0.375
344 0.32850421734350305
345 0.3843027553254826
346 0.32170016593093514
347 0.4163446507196507
348 0.37706235853165676
349 0.3296767040149393
350 0.3650068681318681
351 0.3614175952043599
352 0.390981240981241
353 0.3794823232323232
354 0.3638870872531003
355 0.37540010494555953
356 0.350525809660425
357 0.4126669898728722
358 0.4666100944510036
359 0.4290691000918274
360 0.35643696581196577
361 0.4272531288156288
362 0.42549603174603173
363 0.4258914953359398
364 0.43123561623561624
365 0.43498778998779003
366 0.3879347395523866
367 0.3478906124739458
368 0.36823118136143346
369 0.41890933140933134
370 0.3663028462980088
371 0.37081859939002787
372 0.37585485885175324
373 0.4191646408226074
374 0.4268976749745981
375 0.428680007356478
376 0.46993023811205625
377 0.41250049292812446
378 0.4274166822013712
379 0.42868945868945885
380 0.45707349227569827
381 0.4235152450430228
382 0.4151851851851852
383 0.3401691675355486
384 0.37888365492532156
385 0.4272667147667148
386 0.4623857073693674
387 0.4583957400624067
388 0.41877818403125083
389 0.42943620377443903
390 0.3648459383753501
391 0.45517033075856606
392 0.27503470166925204
393 0.23609700824774354
394 0.443239522417154
395 0.44996811634453526
396 0.385734860479106
397 0.3587227315168492
398 0.34789956632061897
399 0.46071428571428574
400 0.3910227272727272
401 0.4031313131313131
402 0.3832140852974186
403 0.4323107031857032
404 0.3993631646131646
405 0.4120641574013976
406 0.40029617159246794
407 0.37780529655529654
408 0.4050218863130048
409 0.2852644325989915
410 0.39975418307419586
411 0.35068464275980615
412 0.43225901471699796
413 1.0
414 0.3776280047507669
415 0.44359367484367485
416 0.40605910293410297
417 1.0
418 0.43599632690541784
419 0.45265353859103863
420 0.3723678008879159
421 0.34739720451117506
422 0.43122068903318905
423 0.3521490414347557
424 0.35563952524356246
425 0.35440242879101574
426 0.3449960051522551
427 0.44246031746031744
428 0.428125
429 0.371926406926407
430 0.3024969078540507
431 0.47392110395481707
432 0.42342437487365026
433 0.3140624346466738
434 0.43642526455026454
435 0.28996549344375433
436 0.36663358250634465
437 0.3303048612607436
438 0.27065164088577404
439 0.3653472566591762
440 0.4270744301994302
441 0.3932530496440867
442 0.33721763893332524
443 0.40052087187503854
444 0.42971234783734785
445 0.3966623989663205
446 0.4355459355459355
447 0.3578046953046953
448 0.32606659544159544
449 1.0
450 0.3929127611072055
451 0.38596440154344563
452 0.38927675306263815
453 0.38425775613275615
454 0.38650259205814763
455 0.39883129541024276
456 0.41791206411089443
457 0.45351330767997433
458 0.3866003787878788
459 0.41707972582972574
460 0.41534090909090915
461 0.41100823045267487
462 0.4336470516569201
463 0.4329864755668849
464 0.40503704848942945
465 0.4209131383943564
466 0.4369832605857451
467 0.32872491161626516
468 0.42261260564831993
469 0.4155959780959781
470 0.4141483516483516
471 0.42950105450105447
472 0.42950105450105447
473 0.40786400687586455
474 0.3534615434639154
475 0.3566129850692063
476 0.39983538287109716
477 0.44458218549127637
478 0.47254507797270956
479 0.37678655076242795
480 0.3685266122766123
481 0.3901390093824304
482 0.4248202614379085
483 0.43243786549707597
484 0.42909159676294345
485 0.35691182772949687
486 0.3515386710239652
487 0.33367544934640525
488 0.41558632237467275
489 0.42657966806251113
490 0.4350036605551311
491 0.4141719739464101
492 0.4127966318826534
493 0.410484274372142
494 0.41970349039401456
495 0.36946926530259866
496 0.3589290548161516
497 0.38484050671550674
498 0.40908342236467243
499 0.42570797485013173
500 0.4117072908766216
501 0.393693574943575
502 0.33980429292929293
503 0.3827790466961979
504 0.4498109417464256
505 0.38648365523365524
506 0.3783800717256599
507 0.38006524447032464
508 0.3590173250796983
509 0.32264076740086745
510 0.30969879574040843
511 0.38157349896480336
512 0.4233350934459805
513 0.39366768577039374
514 0.3597009062608765
515 0.4502686034410011
516 0.42013339743518774
517 0.42884119269623594
518 0.3707547053909283
519 0.36484055160525747
520 0.2638195138195138
521 0.37179487179487175
522 0.4152963438677725
523 0.4345028011204482
524 0.45054690226258853
525 0.3859298287182903
526 0.39159419012360186
527 0.4063348066499327
528 0.469017094017094
529 0.4197691025292979
530 0.442763024013024
531 0.3876313498215585
532 0.40468898385565055
533 0.45107346357346356
534 0.41694130216189046
535 0.4229231517274996
536 0.37200897816307027
537 0.42388653013653016
538 0.3907719306156806
539 0.40054754273504267
540 0.32260485090722446
541 0.4459215933848286
542 0.30365536172015284
543 0.43442589223355477
544 0.3782654889912955
545 0.4239465360677482
546 0.38944533004718196
547 0.3864966309975901
548 0.41279383912655976
549 0.43583128472834354
550 0.4205849753694581
551 0.4193454385121052
552 0.40470959595959594
553 0.4401289682539683
554 0.29244507429408545
555 0.3229524877809192
556 0.4639223878494116
557 0.3982331949822876
558 0.40472642867278885
559 0.3799807622844021
560 0.4263869043689305
561 0.3944394340227674
562 0.37835800002466674
563 0.24921374921374922
564 0.3327579365079365
565 0.2934704184704185
566 0.3400462962962963
567 0.2248427672955975
568 0.4167995596849352
569 0.3821535053415306
570 0.34637016252905006
571 0.4208942572578936
572 0.4327144896166635
573 0.33290074123407454
574 0.295539900025546
575 0.33170577186831063
576 0.41055715674699633
577 0.45554765612538717
578 0.4665493921318294
579 0.42446368172969157
580 0.4456329678551901
581 0.42052671330202734
582 0.4234052917023932
583 1.0
584 0.3789047076179429
585 0.37191483238231204
586 0.4174363018549065
587 0.3675528689417578
588 0.24309581320450888
589 0.4
590 0.37921515910989595
591 0.37172093740851314
592 0.4346689992377127
593 0.3942866984004908
594 0.37460958610844197
595 0.3666191889656802
596 0.27798643521400856
597 0.4205047204066812
598 0.4159432159432159
599 0.422171568627451
600 0.43073482726423895
601 0.41659293469453895
602 0.3967972342089989
603 0.3778755939540253
604 0.3857941779632956
605 0.44471652951787105
606 0.39175527613857786
607 0.44342365151188684
608 0.3961194713658871
609 0.38125306816483284
610 0.37485532407407407
611 0.34777336860670194
612 0.46913580246913583
613 1.0
614 1.0
615 1.0
616 1.0
617 0.4495069745069745
618 0.4386640211640212
619 0.42565310846560844
620 0.4182122564935065
621 0.38955478150856304
622 0.3309977171872333
623 0.38631429334554335
624 0.38791054142616643
625 0.3942485112624002
626 0.38109765144078867
627 0.31285210911329836
628 0.4338111248230867
629 0.2289576973360541
630 0.3002480158730159
631 0.3778103704574293
632 0.37032373490706827
633 0.4146850668092498
634 0.40567670811573253
635 0.35903454449206085
636 0.39300527903469074
637 0.32936026119849654
638 0.37769326866549086
639 0.3520410434472934
640 1.0
641 1.0
642 1.0
643 1.0
644 1.0
645 1.0
646 1.0

Avg. value is: 0.38839835571192527
