1 0.10095238095238097
2 0.15714285714285717
3 0.3181818181818182
4 0.4
5 0.3205128205128205
6 0.3
7 0.31666666666666665
8 0.3
9 0.2784090909090909
10 0.25
11 0.3888888888888889
12 0.25
13 0.3333333333333333
14 0.371923011628894
15 0.3498257666268419
16 0.31991919191919194
17 0.23160737812911725
18 0.302049218897045
19 0.30177865612648225
20 0.2586306269363951
21 0.3839465458783641
22 0.19465151515151516
23 0.0703125
24 0.1875
25 1.0
26 0.24621212121212122
27 0.2037037037037037
28 0.25
29 0.16666666666666666
30 0.35185185185185186
31 0.24635281385281385
32 0.2306060606060606
33 0.2374074074074074
34 0.26555555555555554
35 0.3888888888888889
36 0.1442857142857143
37 0.1485890652557319
38 0.26375
39 0.3095238095238095
40 0.2004040404040404
41 0.2716349206349206
42 0.19230769230769232
43 0.4166666666666667
44 0.22023809523809526
45 0.3541666666666667
46 0.36666666666666664
47 0.2986111111111111
48 0.2916666666666667
49 0.3888888888888889
50 0.25595238095238093
51 0.255952380952381
52 0.23076923076923078
53 0.3111111111111111
54 0.3
55 0.3333333333333333
56 0.2569444444444445
57 0.3333333333333333
58 0.3375
59 0.38461538461538464
60 0.3
61 0.2857142857142857
62 0.3095238095238095
63 0.2
64 0.3232323232323232
65 0.328125
66 0.2621527777777778
67 0.3
68 0.31506578947368424
69 0.28896198830409353
70 0.2857142857142857
71 0.35714285714285715
72 0.25
73 0.28758169934640526
74 0.34417989417989425
75 0.15068027210884358
76 0.33331830206830204
77 0.291912177328844
78 0.24299719887955182
79 0.3333333333333333
80 0.3186813186813186
81 0.3333333333333333
82 0.2958994708994709
83 0.25
84 0.3333333333333333
85 0.11666666666666665
86 0.019999999999999997
87 0.3333333333333333
88 0.20555555555555555
89 0.21212121212121213
90 0.25
91 0.2937062937062937
92 0.3488449711350565
93 0.35555555555555557
94 0.4172494172494172
95 0.40611213158727777
96 0.39024568160597567
97 0.38881469610636277
98 0.4026313303099017
99 1.0
100 0.39886621315192744
101 0.37492410367410367
102 0.25
103 0.3892046711028909
104 0.32094093192832684
105 0.34848484848484845
106 0.37321882134033835
107 0.32599943220243965
108 0.35714285714285715
109 0.44353573614937253
110 0.4219607843137254
111 0.3886768096060859
112 0.4168378248735392
113 0.4166666666666667
114 0.4068858918858919
115 0.37959205582393984
116 0.12081632653061224
117 0.3544212426614975
118 0.36942631978863866
119 1.0
120 0.3194400004182613
121 0.2876007326007326
122 0.4090909090909091
123 0.4344486531986532
124 0.34429180296827355
125 0.3333333333333333
126 0.3815985259950777
127 0.43379686157463937
128 0.4062316284538507
129 0.44031746031746033
130 0.39147848397848395
131 0.41111111111111115
132 0.45028031863969364
133 0.45979177742335636
134 0.37878787878787884
135 0.44732033839176694
136 0.40456210456210456
137 0.2335978835978836
138 0.36043650793650794
139 0.33979591836734696
140 0.26152777777777775
141 0.42147347601893065
142 0.38440947940947945
143 0.3752071817071817
144 0.32100417586528696
145 0.4331466535413904
146 0.1
147 0.3815608426311041
148 0.3009022907355789
149 0.20733333333333331
150 0.375
151 0.28599752586594696
152 0.4
153 1.0
154 0.4104938271604939
155 0.3125
156 1.0
157 0.3927394722110169
158 0.33541666666666664
159 0.3078703703703704
160 0.4166666666666667
161 0.35714285714285715
162 0.39204181235431235
163 0.3333333333333333
164 0.3030773420479303
165 0.3738095238095238
166 0.3864599686028258
167 0.43252086078173035
168 0.3890786776457508
169 0.31219519208649643
170 0.4429443328121805
171 0.44281290492364256
172 0.2828747795414462
173 0.4041208791208791
174 0.3333333333333333
175 1.0
176 0.23650793650793653
177 0.2
178 1.0
179 0.2504273504273504
180 0.29764957264957265
181 1.0
182 0.4233051553954916
183 0.4652777777777777
184 0.22727272727272727
185 0.43735819735819736
186 0.40617266992267
187 0.2922077922077922
188 0.48366590007215005
189 0.40911044973544974
190 0.3617413553524665
191 0.4005447212555055
192 0.3516195473916062
193 0.26977926587301587
194 0.3205972626741699
195 0.38282528158230117
196 1.0
197 0.38481118662039715
198 0.3728567742886629
199 0.24401260504201677
200 0.22638978668390433
201 0.27242563692143523
202 0.4378481514171991
203 0.40355800653594776
204 0.25357142857142856
205 0.4593020047229712
206 0.4046732994101415
207 0.3561660561660562
208 0.4081645622895623
209 0.4045456344067455
210 0.36666666666666675
211 0.3782287549399294
212 0.4681973354840034
213 0.3583963579155887
214 0.44578634085213037
215 0.3923597053531264
216 0.3204655714959508
217 0.35
218 0.3832714353547686
219 0.3750638615770195
220 0.27222222222222225
221 0.40707671957671954
222 0.42070640265084713
223 0.27859347442680776
224 0.34729039479039475
225 0.3068181818181818
226 0.3461518759018759
227 0.39092496776273383
228 0.24861111111111106
229 0.3762476657329598
230 0.42075914254590724
231 0.1715277777777778
232 0.42547619047619045
233 0.45925925925925926
234 0.3181818181818182
235 0.32954545454545453
236 0.4594345535733096
237 0.3961484593837535
238 0.38710748792270533
239 1.0
240 0.4262713109935332
241 0.3055555555555555
242 0.35714285714285715
243 0.259421805046805
244 0.4104192104192104
245 0.35185185185185186
246 0.3888888888888889
247 0.41588854015436777
248 0.4607752296722885
249 0.19963237900157407
250 0.41838256242668004
251 0.3728414848108555
252 0.31481481481481477
253 0.3604390054390055
254 0.3985871535871536
255 0.36666666666666664
256 0.4521647869674186
257 0.3556848244348244
258 0.234375
259 0.4620051085568327
260 0.39540763056388056
261 0.3972059779077322
262 0.36377000192789666
263 0.44907407407407407
264 0.43658730158730163
265 1.0
266 0.4448412698412698
267 0.3985714285714286
268 1.0
269 0.45643646999579196
270 0.375
271 0.23694785153118486
272 0.3837962962962963
273 0.12522045855379188
274 0.35618386243386246
275 0.42885802469135803
276 0.2425925925925926
277 0.2506172839506173
278 0.2772727272727273
279 0.2578947368421053
280 0.4295678626928627
281 0.42655744792841566
282 0.3888888888888889
283 0.4297097641089889
284 0.41593073593073593
285 0.3747637944066516
286 0.43536890064667844
287 1.0
288 1.0
289 0.4366319444444444
290 0.3665895061728395
291 1.0
292 0.3479662698412698
293 0.4315686628186628
294 0.37226486354775823
295 0.3650907141291757
296 0.4070021858483397
297 0.4129194879194879
298 0.3732310558903696
299 0.3795177045177045
300 0.3918803418803419
301 0.3590277777777778
302 0.4566798459512364
303 0.45739898989898986
304 0.3456798756798757
305 0.42647156084656085
306 0.40990517419088845
307 0.3214772343884186
308 0.31693448364501
309 0.36698946886446887
310 0.4087301587301587
311 0.49433170995671
312 0.3699239417989418
313 1.0
314 0.33465594085720785
315 0.3079800724637681
316 0.4310376879455828
317 0.32729240456513176
318 0.2615903540903541
319 0.2924098124098124
320 0.37654320987654316
321 0.32072281884781884
322 0.32502164502164504
323 1.0
324 0.3904761904761905
325 0.4427604917706728
326 0.13819382825594007
327 0.3329545454545455
328 0.32993040293040293
329 0.27231787248699013
330 0.34170254521561705
331 0.4285248778998779
332 0.3460975656288156
333 0.36558935920047025
334 0.2887970615243342
335 0.33394585738335736
336 0.22639393939393937
337 0.40644841269841264
338 0.43640873015873016
339 0.2996252204585538
340 0.3978174603174603
341 0.32492211071756527
342 0.46640211640211643
343 0.4314814814814815
344 0.4201708840101697
345 0.36301848404121134
346 0.31498465921542845
347 0.4163446507196507
348 0.37706235853165676
349 0.3296767040149393
350 0.39576719576719577
351 0.4047883217000864
352 0.42254689754689756
353 0.3794823232323232
354 0.3660733012448699
355 0.37540010494555953
356 0.29644522144522145
357 0.4126669898728722
358 0.45016725698543875
359 0.3974747474747474
360 0.42218872948039615
361 0.4272531288156288
362 0.42549603174603173
363 0.42524849122071345
364 0.43123561623561624
365 0.43498778998779003
366 0.3879347395523866
367 0.3765685960130405
368 0.40706338090791877
369 0.4146164021164021
370 0.36412199876390045
371 0.3936318972033258
372 0.393327773943716
373 0.3895411915083857
374 0.47187359424201525
375 0.4282046657046657
376 0.4646003708928774
377 0.41697344683891513
378 0.4274166822013712
379 0.42868945868945885
380 0.46026112368024147
381 0.45939487467265244
382 0.43925925925925924
383 0.33994999071753457
384 0.39958022553131245
385 0.4272667147667148
386 0.4594489454732511
387 0.4583957400624067
388 0.4293631730125983
389 0.42943620377443903
390 0.39877450980392154
391 0.45517033075856606
392 0.27244906865061247
393 0.29859700824774354
394 0.4441654483430799
395 0.44996811634453526
396 0.41434272055929805
397 0.3583112088831043
398 0.39677729677729673
399 0.46071428571428574
400 0.39102272727272724
401 0.40313131313131306
402 0.4100218454385121
403 0.4323107031857032
404 0.4064152097902098
405 0.40903917908162385
406 0.41041019166019166
407 0.34914206164206163
408 0.4050218863130048
409 0.3096195913291502
410 0.39975418307419586
411 0.3520421723036102
412 0.43225901471699796
413 1.0
414 0.3776280047507669
415 1.0
416 0.47361111111111115
417 1.0
418 1.0
419 0.45265694273047213
420 0.3723678008879159
421 0.34739720451117506
422 0.3889227092352092
423 0.3521490414347557
424 0.33743987493987493
425 0.352147739036326
426 0.3444503702316203
427 0.44246031746031744
428 0.428125
429 0.371926406926407
430 0.3024969078540507
431 0.47392110395481707
432 0.42342437487365026
433 0.2828124346466738
434 0.43642526455026454
435 0.3006091975657193
436 0.4245209447415329
437 0.3778124925183749
438 0.3494949653173337
439 0.3648608762095604
440 0.4270744301994302
441 0.34130629208754204
442 0.3585851603008466
443 0.42429202741702743
444 0.43708694083694083
445 0.3966623989663205
446 0.4355459355459355
447 0.35626623376623373
448 0.32606659544159544
449 0.4510243807118807
450 0.3929127611072055
451 0.38037714770251535
452 0.41938323661739757
453 0.40629479316979317
454 0.39687884132328577
455 0.41984006734006735
456 0.4320244523612138
457 0.4534921315581693
458 0.3866003787878788
459 0.41707972582972574
460 0.41534090909090915
461 0.41100823045267487
462 0.43303359449192785
463 0.43193059512503956
464 0.41535450880688973
465 0.42061041313758707
466 0.46317373677622126
467 0.32872491161626516
468 0.42261260564831993
469 0.4155959780959781
470 1.0
471 0.42950105450105447
472 0.42950105450105447
473 0.40786400687586455
474 0.3534615434639154
475 0.3568766453328665
476 0.39983538287109716
477 0.44458218549127637
478 0.47254507797270956
479 0.37678655076242795
480 0.3685266122766123
481 0.3912173378319212
482 0.4248202614379085
483 0.47859753550543027
484 0.42859455185583
485 0.3328755465503586
486 0.3515386710239652
487 0.33367544934640525
488 0.41558632237467275
489 0.440712682379349
490 0.4350036605551311
491 0.4140243179848006
492 0.4267929601262935
493 0.4623888587188006
494 0.41970349039401456
495 0.3693807400848745
496 0.3600689003978478
497 0.42706078643578643
498 0.40908342236467243
499 0.42570797485013173
500 0.43080257663857413
501 0.43578512536845865
502 0.375
503 0.3825427071234998
504 0.4498109417464256
505 0.3807387057387057
506 0.44443977591036415
507 0.420377954635976
508 0.3590173250796983
509 0.32264076740086745
510 0.30969879574040843
511 0.38157349896480336
512 0.4233350934459805
513 0.3936096744001652
514 0.38031357818933786
515 0.45003725584123244
516 0.42234781642324754
517 0.42884119269623594
518 0.3711017740429505
519 0.3768620268620268
520 0.2657242757242757
521 1.0
522 0.45045609152752014
523 0.4345028011204482
524 0.45054690226258853
525 0.3859298287182903
526 0.39159419012360186
527 0.4063348066499327
528 0.469017094017094
529 0.4197691025292979
530 0.442763024013024
531 0.40005348574427524
532 0.40468898385565055
533 0.4112970007200776
534 0.41694130216189046
535 0.3991483154526633
536 0.3917500663824194
537 0.42388653013653016
538 0.3907719306156806
539 0.40054754273504267
540 0.32237615416536985
541 0.4459215933848286
542 0.30365536172015284
543 0.4332022783861019
544 0.37595040442741595
545 0.44962896250775036
546 0.38944533004718196
547 0.3864966309975901
548 0.41279383912655976
549 0.4331839320809908
550 0.4171434169278997
551 0.4193454385121052
552 0.40470959595959594
553 0.4401289682539683
554 0.2888681342588121
555 0.36489272347115487
556 0.3929603161520458
557 0.3982331949822876
558 0.40472642867278885
559 0.3799807622844021
560 0.4626596850861557
561 0.3944394340227674
562 0.36335800002466667
563 0.24921374921374922
564 0.3364246031746032
565 0.2968037518037518
566 0.34371296296296294
567 0.23008086253369273
568 0.4167995596849352
569 0.3821535053415306
570 0.34721400467723995
571 0.4208942572578936
572 0.4327144896166635
573 0.33290074123407454
574 0.35311565760130353
575 0.385562558356676
576 0.4101686563584959
577 0.45554765612538717
578 0.4305750558863586
579 0.42446368172969157
580 0.42334995251661917
581 0.42052671330202734
582 0.4341053783911804
583 1.0
584 0.41693990044599805
585 0.37191483238231204
586 0.40177473894865195
587 0.34699934838823726
588 0.2916666666666667
589 0.41447359653506577
590 0.37921515910989595
591 0.37172093740851314
592 0.4346689992377127
593 0.3942866984004908
594 0.37460958610844197
595 0.3663615400123791
596 0.27798643521400856
597 0.4205047204066812
598 0.4159432159432159
599 0.3999493464052287
600 0.43073482726423895
601 0.450068870523416
602 0.3967972342089989
603 0.3778755939540253
604 0.3857941779632956
605 0.44471652951787105
606 0.39175527613857786
607 0.4532221863104216
608 0.3589501591965749
609 0.39564700755877225
610 0.41407490079365084
611 0.37610229276895946
612 1.0
613 1.0
614 1.0
615 1.0
616 1.0
617 0.4495069745069745
618 0.4406023606023606
619 0.36196575415325416
620 0.4682122564935065
621 0.3891900398672256
622 0.37189535002035
623 0.38631429334554335
624 0.38791054142616643
625 0.45079568065679176
626 0.37739933259799097
627 0.31811952833735796
628 0.44239125826535247
629 0.2288867939747096
630 0.3278454184704185
631 0.37636736901442785
632 0.37032373490706827
633 0.4269773436440103
634 0.4168276168276168
635 0.42830009496676164
636 0.39300527903469074
637 0.4312772331154684
638 0.38762068692624246
639 0.38562334656084657
640 1.0
641 1.0
642 1.0
643 1.0
644 1.0
645 1.0
646 1.0

Avg. value is: 0.40176193967004614
