1 0.8888888888888891
2 0.6363217085375166
3 0.3333333333333333
4 0.0
5 0.5
6 0.05138888888888891
7 0.06984848484848483
8 0.7698837325510354
9 0.6666666666666666
10 0.0
11 0.0
12 0.0
13 0.4705312049062049
14 0.12962962962962965
15 0.11014492753623184
16 0.10277777777777782
17 0.0
18 0.4
19 0.1875
20 0.0
21 0.06423611111111113
22 0.0
23 0.04444444444444445
24 0.0
25 0.3055555555555556
26 0.25
27 0.24857142857142858
28 0.5
29 0.06549707602339179
30 0.125
31 0.25
32 0.08333333333333333
33 0.48765432098765427
34 0.25
35 0.0
36 0.0
37 0.0
38 0.0
39 0.5
40 0.2833333333333333
41 0.0
42 0.2
43 0.0
44 0.024999999999999994
45 0.08095238095238096
46 0.09583333333333337
47 0.1003188131313131
48 0.6222222222222221
49 0.31111111111111106
50 0.06458333333333333
51 0.6666666666666666
52 0.2
53 0.3333333333333333
54 0.0
55 0.05166666666666666
56 0.0
57 0.0
58 0.3402777777777778
59 0.0
60 0.25
61 0.0
62 0.6399999999999998
63 0.0
64 0.12142857142857144
65 0.0
66 0.0
67 0.0
68 0.5
69 0.25
70 0.0
71 0.3333333333333333
72 0.0
73 0.0
74 0.0
75 1.0
76 0.05555555555555558
77 0.0
78 0.0
79 0.3781385281385281
80 0.0
81 0.3989583333333333
82 0.030555555555555558
83 0.02941176470588236
84 0.425
85 0.0
86 0.0
87 0.18055555555555558
88 0.0
89 0.09027777777777779
90 0.0
91 0.0
92 0.3841117216117216
93 0.8343711843711844
94 0.0
95 0.3333333333333333
96 0.3333333333333333
97 0.0
98 0.0
99 0.0
100 0.6451282051282051
101 0.0
102 0.12037037037037039
103 0.4444444444444445
104 0.09444444444444444
105 0.5833333333333334
106 0.0
107 0.27367521367521364
108 0.02564102564102566
109 0.3368287037037037
110 0.0
111 0.4388888888888889
112 0.6161302612679032
113 0.07138888888888889
114 0.6666666666666666
115 0.0
116 0.0
117 0.5902777777777778
118 0.4722222222222222
119 0.5729166666666667
120 0.0
121 0.6805555555555556
122 0.0
123 0.18055555555555558
124 0.09027777777777779
125 0.10128205128205128
126 0.27936507936507937
127 0.0
128 0.5
129 0.0
130 0.6128205128205129
131 0.49282617650335087
132 0.09027777777777779
133 0.14814814814814817
134 0.0
135 0.16666666666666666
136 0.0
137 0.0
138 0.3770833333333333
139 0.42361111111111116
140 0.18452380952380953
141 0.07478632478632483
142 0.0
143 0.25
144 0.0
145 0.0
146 0.0
147 0.0
148 0.0
149 0.0
150 0.6666666666666666
151 0.6666666666666666
152 0.0
153 0.22619047619047622
154 0.6662294608985785
155 0.47222222222222227
156 0.6666666666666666
157 0.1784511784511785
158 0.3537037037037038
159 0.75
160 0.2
161 0.16025641025641027
162 0.63
163 0.3033333333333333
164 0.25
165 0.25
166 0.0789141414141414
167 0.0
168 0.0
169 0.18055555555555558
170 0.088695652173913
171 0.0
172 0.5555555555555556
173 0.3585858585858587
174 0.0
175 0.131054131054131
176 0.3595238095238095
177 0.36458333333333337
178 0.3993055555555556
179 0.2803030303030303
180 0.04040404040404041
181 0.0
182 0.6666666666666666
183 0.3994117647058823
184 0.3333333333333333
185 0.11805555555555555
186 0.14814814814814822
187 0.6631393298059964
188 0.461283289680539
189 0.1111111111111111
190 0.12222222222222223
191 0.0
192 0.06071428571428572
193 0.0
194 0.0
195 0.0
196 0.30062500000000003
197 0.5
198 0.0
199 0.0
200 0.4793650793650794
201 0.0
202 0.3438383838383838
203 0.1574074074074074
204 0.37861111111111123
205 0.1574074074074074
206 0.16666666666666666
207 0.04444444444444444
208 0.17142857142857146
209 0.4
210 0.050625
211 0.3333333333333333
212 0.0
213 0.0
214 0.7713476293970136
215 0.0
216 0.0
217 0.0
218 0.3333333333333333
219 0.0861111111111111
220 0.3107142857142857
221 0.5421961516118474
222 0.3199999999999999
223 0.4753968253968253
224 0.125
225 0.3333333333333333
226 0.0
227 1.0
228 0.0
229 0.0
230 0.0
231 0.0
232 0.3333333333333333
233 0.0
234 1.0
235 0.9451851851851852
236 0.5
237 0.32777777777777783
238 0.5
239 0.0
240 0.49603174603174605
241 1.0
242 0.632936507936508
243 1.0
244 0.435515873015873
245 0.1597222222222222
246 0.16479166666666664
247 0.1461111111111111
248 0.5
249 0.07111111111111108
250 0.0
251 0.0
252 0.5
253 0.25
254 0.25
255 0.25
256 0.5
257 0.0888888888888889
258 0.5
259 0.5
260 0.0875
261 0.0
262 0.0
263 0.29033333333333333
264 0.08333333333333333
265 0.7685931899641578
266 0.041666666666666664
267 0.3333333333333333
268 0.0
269 0.0
270 0.0
271 0.1322751322751323
272 0.212962962962963
273 0.07407407407407411
274 0.4338789682539683
275 0.27361111111111114
276 0.39756944444444453
277 0.14245014245014245
278 0.6666666666666666
279 0.07407407407407411
280 0.6666666666666666
281 0.0
282 0.0
283 0.16746031746031745
284 0.27142857142857146
285 0.16746031746031745
286 0.0
287 0.32777777777777783
288 0.35277777777777786
289 0.0
290 0.0
291 0.5732052419554104
292 0.0
293 0.0
294 0.5
295 0.0
296 0.0
297 0.125
298 0.5
299 0.0
300 1.0
301 0.0
302 0.0
303 0.0
304 1.0
305 0.31666666666666665
306 0.06071428571428572
307 0.3055555555555556
308 0.0
309 0.25
310 0.0
311 0.0
312 0.05925925925925927
313 0.0
314 0.0
315 0.0
316 0.0
317 0.0
318 0.0
319 0.0
320 0.0
321 0.0
322 0.0
323 0.0
324 0.5
325 0.0
326 0.0
327 0.0
328 0.0
329 0.49523809523809526
330 0.5
331 0.125
332 0.0
333 1.0
334 0.3333333333333333
335 1.0
336 0.0
337 0.21600000000000003
338 0.2592592592592593
339 0.6666666666666666
340 0.3333333333333333
341 0.0
342 0.6625
343 0.0
344 0.0
345 0.0
346 0.0
347 0.5
348 0.0
349 0.3333333333333333
350 0.04242424242424245
351 0.0
352 0.3333333333333333
353 0.0
354 0.0
355 0.0
356 0.125
357 0.5
358 0.0
359 0.0
360 0.0
361 0.5
362 1.0
363 0.6117664873627179
364 0.6
365 0.05833333333333329
366 0.2444444444444445
367 0.030303030303030276
368 0.0
369 0.21666666666666667
370 0.3333333333333333
371 0.4898989898989899
372 0.5056180733244731
373 0.12142857142857144
374 0.25
375 0.3107142857142857
376 0.07462121212121206
377 0.04857142857142858
378 0.265
379 0.06071428571428572
380 0.3333333333333333
381 0.11404761904761904
382 0.0
383 0.12142857142857144
384 0.02857142857142858
385 0.3333333333333333
386 0.3125
387 0.3333333333333333
388 0.08564814814814818
389 0.08571428571428574
390 0.41898148148148157
391 0.4444444444444445
392 0.8379629629629631
393 0.5
394 0.0
395 0.25
396 0.3333333333333333
397 0.0
398 0.375
399 0.25
400 0.6370427978883861
401 0.5
402 0.3273015873015873
403 0.435978835978836
404 0.6456349206349207
405 0.42399999999999993
406 0.1499007936507937
407 0.4920634920634921
408 0.0
409 0.0
410 0.25
411 0.0
412 0.27777777777777785
413 0.375
414 0.26587301587301587
415 0.25
416 0.22123015873015872
417 0.44857142857142857
418 0.0
419 0.0
420 0.0
421 0.711111111111111
422 0.0
423 0.7093153759820426
424 0.2566239316239316
425 0.08333333333333333
426 0.04816017316017318
427 0.11284722222222227
428 0.0800865800865801
429 1.0
430 0.6666666666666666
431 0.5016511769411776
432 0.08333333333333333
433 0.0
434 0.25
435 0.0
436 0.3333333333333333
437 0.8333333333333334
438 0.0
439 0.4953703703703704
440 0.425
441 0.0
442 0.0
443 0.4761904761904762
444 0.7999999999999999
445 0.6791666666666667
446 0.0
447 0.0
448 0.2277777777777778
449 0.0
450 0.5
451 0.07986111111111113
452 0.0
453 0.07175925925925926
454 0.0
455 0.3333333333333333
456 0.02812500000000001
457 0.0
458 0.4074074074074074
459 0.08333333333333333
460 0.055555555555555525
461 0.0
462 0.2
463 0.0
464 0.16666666666666674
465 0.23888888888888893
466 0.07111111111111112
467 0.0
468 0.3291341991341991
469 0.030303030303030276
470 0.41541666666666666
471 0.25
472 0.25
473 0.2644444444444445
474 0.22000000000000003
475 0.04734848484848484
476 0.2
477 0.0
478 0.5643809523809523
479 0.34027777777777785
480 0.6666666666666666
481 0.11111111111111116
482 0.6666666666666666
483 0.3333333333333333
484 0.0771604938271605
485 0.28647186147186143
486 0.25166666666666665
487 0.05166666666666666
488 0.0
489 0.09259259259259259
490 0.04444444444444444
491 0.0
492 0.0
493 0.0
494 0.0
495 0.0
496 0.1533068783068783
497 0.0
498 0.0
499 0.0
500 0.07211538461538462
501 0.109375
502 0.0
503 0.0
504 0.4722222222222222
505 0.35416666666666663
506 0.6666666666666666
507 0.6444444444444445
508 0.5
509 0.6555555555555556
510 0.5925488624385491
511 0.25
512 1.0
513 0.275
514 0.10416666666666669
515 0.15277777777777782
516 0.3194444444444445
517 0.13180046074782917
518 0.40575396825396837
519 0.36111111111111116
520 0.21714285714285717
521 0.15480098605098605
522 0.5484330484330484
523 0.4
524 0.0
525 0.05555555555555558
526 0.1064814814814815
527 0.05555555555555558
528 0.12962962962962965
529 0.10416666666666666
530 0.4444444444444445
531 0.0
532 0.27443181818181817
533 0.0
534 0.04888888888888889
535 0.0
536 0.0
537 0.32894736842105265
538 0.5
539 0.625
540 0.07407407407407411
541 0.0
542 0.3333333333333333
543 0.0
544 0.1277777777777778
545 0.4833333333333333
546 0.12777777777777774
547 0.2
548 0.0
549 0.583125
550 0.4
551 0.4
552 0.2665
553 0.3800278073375899
554 0.3084615384615384
555 0.0
556 0.5
557 0.04444444444444447
558 0.2888888888888889
559 0.26388888888888895
560 0.0
561 0.0
562 0.0
563 0.4
564 0.4
565 0.4
566 0.0
567 0.2
568 0.3333333333333333
569 0.7444444444444445
570 0.40740740740740744
571 0.4444444444444445
572 0.5833333333333334
573 0.6666666666666666
574 0.48809523809523814
575 0.0
576 1.0
577 0.0
578 0.6666666666666666
579 0.0
580 0.3
581 0.5
582 0.24444444444444446
583 0.21818181818181817
584 0.3055555555555556
585 0.14791666666666667
586 0.27777777777777773
587 0.25
588 0.36481481481481487
589 0.3333333333333333
590 0.0888888888888889
591 1.0
592 0.0
593 0.25
594 0.0
595 0.0
596 0.6666666666666666
597 0.19047619047619047
598 0.0
599 0.14222222222222217
600 0.0
601 0.0
602 0.3333333333333333
603 1.0
604 1.0
605 0.0
606 0.07521367521367521
607 0.0
608 0.0
609 0.11250000000000002
610 0.12820512820512822
611 0.4
612 0.043055555555555555
613 0.24558080808080807
614 0.5083333333333334
615 0.0
616 0.0
617 0.0
618 0.3333333333333333
619 0.3333333333333333
620 0.4074074074074074
621 0.0
622 0.0
623 0.25
624 0.05555555555555558
625 0.20833333333333331
626 0.3333333333333333
627 0.31111111111111106
628 0.0
629 0.3333333333333333
630 0.25
631 0.11666666666666667
632 0.0
633 0.0
634 0.0
635 0.25
636 0.0
637 0.0
638 0.07407407407407411
639 0.0

Avg. value is: 0.22760854305480527
