1 0.4951332209988165
2 0.4362748100949139
3 0.5016666666666666
4 0.40246913580246907
5 0.6541596011223519
6 0.42705882352941177
7 0.8358974358974359
8 0.0
9 0.6666666666666666
10 0.21150793650793648
11 0.3905555555555555
12 0.08595238095238095
13 0.7777777777777778
14 0.5136296296296297
15 0.7217391304347825
16 0.8405797101449275
17 0.5193549783549783
18 0.6
19 0.5648709315375982
20 0.68
21 0.593560606060606
22 0.7291666666666666
23 0.7666666666666666
24 0.7666666666666666
25 0.5665966386554622
26 0.8063620414495765
27 0.825
28 0.8092592592592592
29 0.40444444444444444
30 0.625
31 0.3685185185185185
32 0.6477777777777777
33 0.015384615384615405
34 0.45551700072918555
35 0.75
36 0.31333333333333335
37 0.15430438842203545
38 0.7234567901234569
39 0.5
40 0.6215384615384616
41 0.3116013071895425
42 0.5238571428571428
43 0.9033333333333333
44 0.5495833333333333
45 0.7377777777777778
46 0.6270588235294118
47 0.625
48 0.5866662086737927
49 0.6851139601139602
50 0.5
51 0.7466666666666667
52 0.6125
53 0.7688888888888888
54 0.5
55 0.8
56 0.7838235294117647
57 0.7980026052974382
58 0.56
59 0.7407407407407408
60 0.7238425925925926
61 0.4164102564102565
62 0.673707326717607
63 0.791111111111111
64 0.6533333333333333
65 0.5016666666666666
66 0.39944444444444444
67 0.7148148148148148
68 0.8088235294117647
69 0.5916666666666667
70 0.45395127748068925
71 0.6666666666666666
72 0.10727272727272724
73 0.62
74 0.10276018099547513
75 0.2222222222222221
76 0.75
77 0.5366161616161617
78 0.611111111111111
79 0.8587301587301588
80 0.11139971139971143
81 0.5358974358974359
82 0.593026418026418
83 0.593026418026418
84 0.768859649122807
85 0.6026666666666667
86 0.5128787878787878
87 0.5891774891774891
88 0.5254265405861975
89 0.3402777777777778
90 0.4266666666666666
91 0.5125814536340852
92 0.846078431372549
93 0.5940476625669185
94 0.6666666666666666
95 0.8007054673721341
96 0.9271367521367521
97 0.5
98 0.9523809523809523
99 0.3777489177489177
100 0.8562393162393163
101 0.5388888888888889
102 0.2841362341362341
103 0.7200000000000001
104 0.7407407407407408
105 0.75
106 0.6386217948717949
107 0.6749680715197957
108 0.6833333333333332
109 0.6177777777777778
110 0.39166666666666666
111 0.7717391304347826
112 0.4010759603820615
113 0.28055555555555556
114 0.7466666666666667
115 0.39814814814814814
116 0.39814814814814814
117 0.5902777777777778
118 0.6055995005544736
119 0.39791666666666664
120 0.15517241379310348
121 0.6483972342639307
122 0.0851674641148325
123 0.7777777777777778
124 0.36968954248366015
125 0.8202991452991453
126 0.718691395154553
127 0.4602564102564103
128 0.5555555555555556
129 0.5895609982344687
130 0.8662393162393163
131 0.979059829059829
132 0.43121345029239766
133 0.4797660818713451
134 0.8666666666666666
135 0.5111111111111111
136 0.7880952380952381
137 0.5333333333333333
138 0.33839826839826836
139 0.3918803418803419
140 0.7714285714285715
141 0.4717126148705096
142 0.81
143 0.75
144 0.7418803418803419
145 0.6128205128205129
146 0.611111111111111
147 0.5084175084175083
148 0.5800000000000001
149 0.5288888888888887
150 0.6952380952380953
151 0.35333333333333333
152 0.8350558213716108
153 0.3123809523809524
154 0.615719696969697
155 0.7888888888888889
156 0.7238095238095239
157 0.46477214541730666
158 0.7139784946236559
159 0.647689393939394
160 0.3676920351979175
161 0.7666666666666666
162 0.2065619429590017
163 0.5339130434782609
164 0.6111111111111112
165 0.51875
166 0.4076056618819776
167 0.01818181818181815
168 0.7714285714285715
169 0.8198463356973995
170 0.8462222222222222
171 0.9226666666666666
172 0.7587992440073926
173 0.5272727272727272
174 0.7238095238095239
175 0.7070707070707071
176 0.6746666666666666
177 0.17727272727272722
178 0.40114980449657867
179 0.7714285714285715
180 0.6952380952380953
181 0.6322548097548097
182 0.7930555555555555
183 0.8099130434782609
184 0.6866666666666666
185 0.8292592592592593
186 0.6933333333333334
187 0.41817705865463095
188 0.6874711752706261
189 0.3734126984126984
190 0.76875
191 0.75
192 0.5741758241758242
193 0.31612781954887215
194 0.7200000000000001
195 0.36153846153846153
196 0.5728125
197 0.31653846153846155
198 0.1383475783475783
199 0.6212307692307693
200 0.41982905982905977
201 0.4271493212669683
202 0.6474603174603175
203 0.7155555555555555
204 0.5951322751322752
205 0.21455026455026457
206 0.16871794871794873
207 0.439008547008547
208 0.6085714285714285
209 0.8085714285714285
210 0.75
211 0.39063492063492067
212 0.8190476190476191
213 0.35833333333333334
214 0.6907258064516129
215 0.6510117238198001
216 0.6666666666666666
217 0.6666666666666666
218 0.46174603174603174
219 0.39063492063492067
220 0.57
221 0.6184649104919375
222 0.597528574152729
223 0.4416666666666667
224 0.125
225 0.7418803418803419
226 0.05833333333333329
227 0.5282342652688515
228 0.39063492063492067
229 0.7666666666666666
230 0.6066666666666667
231 0.10666666666666663
232 0.6848484848484849
233 0.5
234 0.5546543144823595
235 0.4667683935716511
236 1.0
237 0.75
238 0.5
239 0.6522727272727271
240 0.7201957089403399
241 0.5754763934848549
242 0.6358442165761677
243 0.44373940594690814
244 0.8022988505747126
245 0.8223589950559984
246 0.6167692462919988
247 0.794017094017094
248 0.6200801282051281
249 0.7729946524064171
250 0.5
251 0.22857142857142854
252 0.5
253 0.861111111111111
254 0.30833333333333335
255 0.30833333333333335
256 1.0
257 0.5666666666666667
258 0.6833333333333333
259 0.9274242424242425
260 0.75
261 0.46060606060606063
262 0.7685185185185186
263 0.6954385964912281
264 0.7200000000000001
265 0.8112468671679197
266 1.0
267 0.41286549707602344
268 0.5614285714285714
269 0.6668253968253968
270 0.18412698412698414
271 0.4438095238095238
272 0.5165888577653285
273 0.31978420998028845
274 0.9091503267973857
275 0.6587301587301587
276 0.9091503267973857
277 0.3753246753246753
278 0.7786666666666666
279 0.4896415131709249
280 0.6666666666666666
281 0.3955555555555555
282 0.5
283 0.23884828296593
284 0.7588235294117647
285 0.2401418842595313
286 0.39999999999999997
287 0.5466666666666666
288 0.775
289 0.31409090909090903
290 0.757969696969697
291 1.0
292 0.6557971014492754
293 0.5
294 0.7304675716440422
295 0.39738562091503266
296 0.15476190476190482
297 0.25944444444444437
298 0.6185185185185185
299 0.5833333333333333
300 0.821010101010101
301 0.49241889231296004
302 0.6666666666666666
303 0.3972222222222223
304 0.24444444444444446
305 0.305982905982906
306 0.5955555555555555
307 0.5115384615384615
308 0.682051282051282
309 0.31456140350877193
310 0.58
311 0.46648875001072815
312 0.40246913580246907
313 0.22799260799260793
314 0.8142857142857144
315 0.27420289855072455
316 0.23529411764705876
317 0.4141229018506091
318 0.16000000000000003
319 0.2933333333333333
320 0.7836559139784948
321 0.6014492753623188
322 0.3132026143790849
323 0.8733333333333333
324 0.5800000000000001
325 0.525
326 0.737037037037037
327 0.3333333333333333
328 0.40080808080808084
329 0.6666666666666666
330 0.7463683481988506
331 0.7724089635854342
332 0.22564102564102562
333 0.32000000000000006
334 0.3333333333333333
335 0.6034637508215079
336 0.3970370370370371
337 0.6723809523809524
338 0.6888888888888888
339 0.791111111111111
340 0.7342995169082126
341 0.19282051282051282
342 0.8022988505747126
343 0.6211764705882352
344 0.6671428571428571
345 0.4246913580246914
346 0.6781989832970226
347 0.5800000000000001
348 0.6527777777777779
349 0.40444444444444444
350 0.26153846153846155
351 0.791111111111111
352 0.4191861796629084
353 0.5353535353535354
354 0.8003787878787879
355 0.6155555555555555
356 0.8604761904761904
357 0.05999999999999994
358 0.10666666666666669
359 0.07030303030303028
360 0.16000000000000003
361 0.6066666666666667
362 0.718492516102051
363 0.16000000000000003
364 0.6085714285714285
365 0.5771604938271605
366 0.7083333333333334
367 0.36190476190476195
368 0.41037037037037033
369 0.8322222222222222
370 0.6666666666666666
371 0.411671335200747
372 0.5755952380952382
373 0.6166666666666667
374 0.5789215686274509
375 0.9066666666666666
376 0.6169551282051282
377 0.6092307692307692
378 0.3128717948717949
379 0.5507142857142857
380 0.7692307692307693
381 0.3582643398268399
382 0.2804427251235762
383 0.30460164835164844
384 0.7307189542483661
385 0.7676767676767677
386 0.7657828282828283
387 0.6666666666666666
388 0.3387132191480018
389 0.5
390 0.6666666666666666
391 0.6666666666666666
392 0.6848484848484849
393 0.8020833333333334
394 0.5892592592592593
395 0.4285714285714286
396 0.6666666666666666
397 0.7288961038961039
398 1.0
399 0.8141269841269843
400 0.7727272727272727
401 0.40187755150628357
402 0.6411428571428571
403 0.5138528138528138
404 0.7298701298701299
405 0.35333333333333333
406 0.535064935064935
407 0.839298245614035
408 0.07500000000000001
409 0.46285714285714286
410 0.784375
411 0.3893939393939394
412 0.38888888888888884
413 0.37857142857142856
414 0.8138888888888888
415 0.5556891025641025
416 0.2277777777777778
417 0.63
418 0.525
419 0.7111111111111111
420 0.5
421 0.7966485015050415
422 0.6533333333333333
423 0.5090777051561365
424 0.6439999999999999
425 0.24637226970560297
426 0.5536363636363636
427 0.5261363636363636
428 0.703030303030303
429 0.1628205128205128
430 0.8455840455840455
431 0.6747299663153121
432 0.13838383838383836
433 0.7041666666666666
434 0.31666666666666665
435 0.5
436 0.5282263630089717
437 0.9774524400330852
438 0.43621399176954734
439 0.7603703703703704
440 0.5628282828282829
441 0.3666666666666667
442 0.47407407407407404
443 0.8252606960940294
444 0.6666666666666666
445 0.75
446 0.5125
447 0.45555555555555555
448 0.5555555555555556
449 0.10740740740740735
450 0.5555555555555556
451 0.5680392156862745
452 0.6669805695847363
453 0.7724867724867726
454 0.8271604938271605
455 0.2537482891626229
456 0.7647058823529411
457 0.6666666666666666
458 0.565491452991453
459 0.7703703703703705
460 0.3341535547785548
461 0.9275324675324675
462 0.9275324675324675
463 0.7476923076923077
464 0.731111111111111
465 0.6628725440149907
466 0.6915032679738562
467 0.42444444444444446
468 0.6295757575757576
469 0.5112250712250712
470 0.5444444444444445
471 0.5147058823529411
472 0.5147058823529411
473 0.8470588235294118
474 0.8470588235294118
475 0.8474074074074075
476 0.7337544802867384
477 0.6133333333333333
478 0.8
479 0.6111111111111112
480 0.7984313725490195
481 0.6111111111111112
482 0.7192982456140351
483 0.26352826510721244
484 0.7999999999999999
485 0.6954112554112554
486 0.863030303030303
487 0.6938874458874459
488 0.5232142857142857
489 0.3836640211640212
490 0.5331584755114167
491 0.3515151515151515
492 0.358974358974359
493 0.1509401709401709
494 0.4687407407407408
495 0.5230769230769231
496 0.6092592592592593
497 0.5299888517279822
498 0.7644444444444444
499 0.0
500 0.9187830687830688
501 0.459375
502 0.4259259259259259
503 0.6166666666666667
504 0.69026284348865
505 0.4874326599326599
506 1.0
507 1.0
508 0.5230769230769231
509 0.5618518518518518
510 0.7396969927301517
511 0.7730769230769231
512 0.5873626373626374
513 0.6777777777777778
514 0.8055555555555556
515 0.75
516 0.5292929292929293
517 0.705925925925926
518 0.706060606060606
519 0.5877946127946128
520 0.7257777777777779
521 0.7322558922558923
522 0.23044871794871793
523 0.6519444444444444
524 0.6195
525 0.33368055555555554
526 0.5238095238095238
527 0.5291666666666667
528 0.6196581196581197
529 0.7714285714285715
530 0.6333333333333333
531 0.8275193798449613
532 0.5243506493506493
533 0.4184704184704185
534 0.4745454545454546
535 0.5
536 0.8320000000000001
537 0.2017361111111111
538 0.7282282282282282
539 0.4102478049158523
540 0.6888888888888888
541 0.09629629629629625
542 0.6666666666666666
543 0.7428571428571429
544 0.5202777777777777
545 1.0
546 0.6501587301587302
547 0.6171428571428572
548 0.5273809523809524
549 0.75
550 0.467140522875817
551 0.8
552 0.6085714285714285
553 0.5505514705882353
554 0.5505514705882353
555 0.7991228070175438
556 0.5614285714285714
557 0.4779428571428571
558 0.5020444444444444
559 0.5902777777777778
560 0.909090909090909
561 0.9183333333333333
562 0.8142857142857143
563 0.462
564 0.48504029304029306
565 0.4798974358974359
566 0.4562424242424242
567 0.6491428571428571
568 0.19700854700854697
569 0.8074999999999999
570 0.35833333333333334
571 0.5209816728561815
572 0.7666666666666666
573 0.4967783094098883
574 0.3707251082251082
575 0.6666666666666666
576 0.5164800416324935
577 0.49982905982905984
578 0.6933333333333334
579 0.56
580 0.3365714285714286
581 0.788235294117647
582 0.5636597476597476
583 0.4552380952380952
584 0.6551091269841269
585 0.30528846153846156
586 0.5431944444444444
587 0.28214285714285714
588 0.08910256410256416
589 0.6809523809523809
590 0.0888888888888889
591 0.4654933871144278
592 0.5
593 0.75
594 0.11825396825396828
595 0.6666666666666666
596 0.4106947141817292
597 0.5277777777777778
598 0.29007936507936505
599 0.3444444444444444
600 0.54
601 0.4166666666666667
602 0.6809523809523809
603 1.0
604 0.4250573638098692
605 0.5
606 1.0
607 0.75
608 0.35185185185185186
609 0.2865384615384615
610 0.8109090909090909
611 0.42407142857142854
612 0.42690909090909096
613 0.68
614 0.791111111111111
615 0.54
616 0.52
617 0.5605537280701754
618 0.4140716374269006
619 0.6666666666666666
620 0.7037037037037037
621 0.9675213675213675
622 0.3703703703703704
623 0.795
624 0.5947916666666666
625 0.5
626 0.845054945054945
627 0.0
628 0.18376068376068377
629 0.3333333333333333
630 0.7991228070175438
631 0.29912280701754385
632 0.35000000000000003
633 0.5
634 0.598456150203033
635 0.6076655982905983
636 0.6444444444444445
637 0.4133333333333333
638 0.7298611111111111
639 0.7676767676767677

Avg. value is: 0.5557558725821347
