1 0.4879812976999415
2 0.6111126080618764
3 0.41286549707602344
4 0.22186609686609696
5 0.7267124677092075
6 0.34154761904761904
7 0.550430402930403
8 0.523618402609884
9 0.712820512820513
10 0.952962962962963
11 0.6240536355572126
12 0.40923076923076923
13 0.346061507936508
14 0.4004926108374384
15 0.39944444444444444
16 0.35338023088023085
17 0.5662863933452169
18 0.5421072796934866
19 0.6777777777777777
20 0.36095238095238097
21 0.4081018518518519
22 0.045119047619047614
23 0.3012820512820513
24 0.14992368742368747
25 0.6192077735159153
26 0.5294056637806637
27 0.7811813186813188
28 0.4395032051282052
29 0.024999999999999984
30 0.09426450742240222
31 0.5472010261991199
32 0.8837606837606838
33 0.9853607975176603
34 0.9865487290487291
35 0.10961538461538473
36 0.08000000000000002
37 0.6872745625706862
38 0.6666666666666666
39 0.5923076923076924
40 0.44853801169590646
41 0.14751198556345624
42 0.5724047619047619
43 0.4449074074074074
44 0.5753396603396604
45 0.4601190476190477
46 0.6743954248366013
47 0.6446889140271493
48 0.050000000000000044
49 0.55
50 0.3718253968253969
51 0.5120390720390721
52 0.48924390968508613
53 0.41286549707602344
54 0.5765957446808511
55 0.3429329734592893
56 0.024350649350649345
57 0.7044817927170869
58 0.5958333333333333
59 0.4074074074074074
60 0.8471666666666666
61 0.5923076923076924
62 0.6024248998964418
63 0.39209401709401703
64 0.7213731011817982
65 0.27170575147183335
66 0.1884188034188035
67 0.5276377217553688
68 0.6732142857142858
69 0.32777777777777783
70 0.29984051036682624
71 0.2253411306042885
72 0.1090909090909089
73 0.8077651515151516
74 0.26451734539969834
75 0.7004866597185634
76 0.8087481962481963
77 0.03661616161616163
78 0.5277777777777778
79 0.6550424592771841
80 0.47723017723017724
81 0.058049535603715174
82 0.0770923520923521
83 0.0933225108225108
84 0.3623781676413255
85 0.1090909090909089
86 0.3764966740576494
87 0.08181818181818168
88 0.6486852653519317
89 0.08073593073593063
90 0.5688888888888889
91 0.30801242236024845
92 0.527526455026455
93 0.5733333333333334
94 0.16026936026936026
95 0.08937728937728939
96 0.40740740740740744
97 0.1770562770562769
98 0.38095238095238093
99 0.5818181818181817
100 0.5007142857142857
101 0.32979797979797976
102 0.17539497539497528
103 0.38867243867243867
104 0.5434343434343433
105 0.5818181818181817
106 0.12267976588628762
107 0.4388888888888889
108 0.12716049382716055
109 0.3563636363636363
110 0.22050264550264553
111 0.34265640760205973
112 0.4174790132686568
113 0.10255855255855256
114 0.6291806958473626
115 0.34510582010582014
116 0.34510582010582014
117 0.4118181818181817
118 0.6020784831398787
119 0.784375
120 0.5367063492063493
121 0.31004784688995185
122 0.5
123 0.19137910700410704
124 0.508324812213819
125 0.16175871619419996
126 0.3688784693830066
127 0.06527777777777777
128 0.17418926103136628
129 0.5
130 1.0
131 1.0
132 0.26666666666666666
133 0.6666666666666666
134 0.47959595959595963
135 0.5493100944081336
136 0.9145833333333332
137 0.619860624080674
138 0.42553210678210673
139 0.3233098845598845
140 0.5088654401154401
141 0.2549104752342704
142 0.3550669931690288
143 0.3723214285714286
144 0.701111111111111
145 0.4077838827838828
146 0.6331358640561279
147 0.40132275132275136
148 0.2028571428571429
149 0.5656914173432822
150 0.41904761904761906
151 0.16888888888888884
152 0.7952380952380953
153 0.5019565217391304
154 0.3887878787878786
155 0.5712121212121211
156 0.5343106131341426
157 0.1872294372294371
158 0.133116883116883
159 0.3253030303030303
160 0.2912554112554112
161 0.08906926406926396
162 0.5325128159860583
163 0.07757575757575752
164 0.5558757215007215
165 0.28821428571428576
166 0.43721770551038847
167 0.6848484848484849
168 0.2987012987012987
169 0.19711229946524056
170 0.37521929824561406
171 0.7171558441558441
172 0.5547979797979797
173 0.4049571343688989
174 0.5021645021645021
175 0.7218152218152217
176 0.6918363101597459
177 0.6600811688311687
178 0.5942370129870129
179 0.32733766233766226
180 0.10311688311688301
181 0.7678571428571428
182 0.5638888888888888
183 0.33458333333333334
184 0.35333333333333333
185 0.5853214475582897
186 0.22279202279202273
187 0.4140522875816994
188 1.0
189 0.6023809523809525
190 0.0649038461538462
191 0.29660339660339663
192 0.8456043956043957
193 0.13660714285714284
194 0.4419753086419753
195 0.6583333333333334
196 0.6869086081402258
197 0.1357142857142858
198 0.4264550264550265
199 0.29990476190476195
200 0.3127842219508887
201 0.6562091503267974
202 0.674093223658441
203 0.4370370370370371
204 0.8442328042328042
205 0.6666666666666666
206 0.29100529100529104
207 0.5558095238095238
208 0.44000000000000006
209 0.5456854256854257
210 0.35416666666666663
211 0.6718954248366013
212 0.2843800322061192
213 0.08333333333333333
214 0.6637090394381825
215 0.6198257080610023
216 0.19095441595441598
217 0.644874258295311
218 0.5114041514041514
219 0.3387101787101788
220 0.661988011988012
221 0.42117735044462046
222 0.5118750981047594
223 0.16987179487179496
224 0.5800000000000001
225 0.41025641025641035
226 0.18589743589743596
227 0.6487179487179489
228 0.0782051282051283
229 0.5959840247928427
230 0.4004404026612518
231 0.6166641972028496
232 0.7158313908313908
233 0.4125854700854702
234 0.6255555555555558
235 0.7282051282051283
236 0.5807359307359308
237 0.4603098290598291
238 0.22916666666666669
239 1.0
240 0.1254970760233918
241 0.759375
242 0.5818181818181817
243 0.19208333333333333
244 0.47846026196026203
245 0.2745807798439379
246 0.297638326585695
247 0.4885780885780886
248 0.39267098033545406
249 0.5672537339204007
250 0.28611111111111115
251 0.6276509696497902
252 0.7676460242474472
253 0.5683333333333334
254 0.6938095238095238
255 0.5722222222222222
256 0.6944444444444444
257 0.09761904761904772
258 0.775
259 0.35638888888888887
260 0.6276288526288526
261 0.7155555555555556
262 0.6595416928750263
263 0.7377777777777779
264 0.35888888888888887
265 0.5
266 0.7407407407407408
267 0.48262108262108266
268 0.3907738095238095
269 0.3768627450980393
270 0.19404761904761902
271 0.17557422969187678
272 0.411764705882353
273 0.25486365486365486
274 0.3623376623376623
275 0.2784415584415584
276 0.3214285714285714
277 0.4154379745164058
278 0.7226666666666667
279 0.3804343434343433
280 0.4191721132897604
281 0.1871459694989108
282 0.6111111111111112
283 0.3854341736694679
284 0.05752482811306339
285 0.3854341736694679
286 0.13481481481481483
287 0.3
288 0.47908496732026146
289 0.5243681036953461
290 0.46362877802301433
291 0.22222222222222232
292 0.7712007447187733
293 0.4267676767676768
294 0.22222222222222227
295 0.3333333333333333
296 0.48769198815112685
297 0.366111111111111
298 0.5146969696969698
299 0.6285185185185185
300 0.5141975308641976
301 0.6388359788359788
302 0.5508994708994709
303 0.8865079365079365
304 0.6086867981091838
305 0.40818627450980394
306 0.6267857142857143
307 0.09358974358974362
308 0.3794871794871795
309 0.19325672779233144
310 0.62
311 0.6925735681837976
312 0.3333333333333333
313 0.2944639376218323
314 0.5801915213598362
315 0.7086075036075037
316 0.6215873015873016
317 0.9415873015873013
318 0.7782539682539683
319 0.6116666666666666
320 0.4803044130215927
321 0.7570444139194137
322 0.8107936507936508
323 0.7823425768681979
324 0.5800000000000001
325 1.0
326 0.7546969696969696
327 0.4090740740740741
328 0.5
329 0.7088909637929245
330 0.7545939039145557
331 0.5269047619047618
332 0.3952941176470588
333 0.6112820512820513
334 0.5353535353535354
335 0.5840717271582595
336 0.5974239587843105
337 0.8574074074074074
338 0.40888888888888886
339 0.7490102212526087
340 0.6557451399363162
341 0.7706822136541451
342 0.747693179836037
343 0.5605882352941176
344 0.47466677238777527
345 0.48444444444444446
346 0.2164705882352941
347 0.5310504843287339
348 0.46153799903799914
349 0.8888888888888887
350 0.5986630036630037
351 0.20310897435897432
352 0.9322222222222222
353 0.6443322040185555
354 0.22537878787878793
355 0.8957505910165484
356 0.44871591922275744
357 0.9483442265795208
358 0.4566666666666667
359 0.28727272727272724
360 0.8133333333333332
361 0.6540805938221443
362 0.6839215686274508
363 0.16000000000000003
364 0.6285714285714287
365 0.3648059116809117
366 0.43579598506069095
367 0.4271512113617377
368 0.6666666666666666
369 0.5214285714285715
370 0.4991101491101492
371 0.5133958633958634
372 0.5459927401519422
373 0.7889024283097421
374 0.6802777777777778
375 0.12653846153846154
376 0.4322372802635961
377 0.28413675213675216
378 0.2867826617826619
379 0.41346153846153855
380 0.2636141636141638
381 0.27863636363636357
382 0.4888888888888889
383 0.7600847650448651
384 0.21684981684981697
385 0.5462962962962963
386 0.9644345238095238
387 0.6214877512042327
388 0.511456176673568
389 0.29866622574955914
390 0.655686435051211
391 0.7671957671957671
392 0.738558201058201
393 0.6079260651629073
394 0.6045095645095645
395 0.6183056836956309
396 0.21309912854030502
397 0.8144781144781145
398 0.5286195286195285
399 0.37999999999999995
400 0.7466066919191919
401 0.5
402 0.751941391941392
403 0.6201498171292221
404 0.4846139971139971
405 0.3733333333333333
406 0.7655378186628187
407 0.41154234654234656
408 0.6
409 0.8407407407407407
410 0.35104166666666664
411 0.07712418300653594
412 0.44509803921568625
413 0.033333333333333326
414 0.58493265993266
415 1.0
416 0.37222222222222223
417 0.7037851037851037
418 0.2865384615384615
419 0.5055555555555555
420 0.4698662069238403
421 0.6
422 0.46547850355915465
423 0.4554334554334554
424 0.48033799533799526
425 0.04888888888888887
426 0.3951298701298701
427 0.43903769841269846
428 0.14271284271284265
429 0.27948717948717944
430 0.49690326877274865
431 0.2958333333333333
432 0.6666666666666666
433 0.611111111111111
434 0.1476190476190476
435 0.6666666666666667
436 0.540947940947941
437 0.5578520162449315
438 0.6833333333333332
439 0.4770833333333333
440 0.2844588744588744
441 0.8088383838383839
442 0.2998015873015873
443 0.48514069264069265
444 0.3515151515151515
445 0.2875
446 0.5125
447 0.2988888888888889
448 0.6270833333333333
449 0.41111111111111115
450 0.8071428571428572
451 0.2827903091060986
452 0.1001373626373627
453 0.21607142857142866
454 0.3501373626373627
455 0.5425020885547202
456 0.055614973262032075
457 0.09643323996265174
458 0.6661111111111111
459 0.6097222222222222
460 0.51
461 0.4810678210678211
462 0.26488095238095244
463 0.0777680652680653
464 0.4083333333333333
465 0.0699782135076253
466 0.5156248950758755
467 0.10849673202614378
468 0.4884118920295391
469 0.13760683760683756
470 0.0778501437540339
471 0.7647058823529411
472 0.31927686864219385
473 0.3055710955710956
474 0.48332867132867136
475 0.22301082251082255
476 0.608
477 0.6
478 0.6825641025641026
479 1.0
480 0.1557997557997558
481 0.0694117647058824
482 0.2208216619981326
483 0.08740740740740745
484 0.1679012345679012
485 0.5973398268398269
486 0.7104377104377104
487 0.5351996151996152
488 0.6682539682539683
489 0.6218253968253968
490 0.4854737854737855
491 0.47615740740740736
492 0.2671347171347171
493 0.4296296296296296
494 0.3613994708994709
495 0.3337606837606838
496 0.4275183150183151
497 0.678910596385534
498 0.525
499 0.47431372549019607
500 0.9793965966953584
501 0.4053008337838059
502 0.5297517297517297
503 0.2548611111111111
504 0.040000000000000036
505 0.2979563492063492
506 0.5020948550360315
507 0.4900284900284901
508 0.6002331002331004
509 0.7410952194357368
510 0.18461538461538485
511 0.37377622377622377
512 0.9055250305250307
513 0.808
514 0.43263366750208854
515 0.4961976956833553
516 0.45466666666666666
517 0.3788344988344989
518 0.5956283068783069
519 0.5638726551226552
520 0.47711111111111115
521 0.5855509768009769
522 0.3670502645502645
523 0.5012234370567703
524 0.45222727272727264
525 0.13354166666666661
526 0.18013594592541962
527 0.15312998405103667
528 0.622905982905983
529 0.3860828060828061
530 0.1235209235209234
531 0.7140804522121839
532 0.3419642857142857
533 0.21675983436853005
534 0.4597129186602871
535 0.45189393939393924
536 0.1346251993620414
537 0.6488095238095237
538 0.36190476190476184
539 0.1476190476190476
540 0.6126984126984127
541 0.5956349206349206
542 0.7644531059088021
543 0.8025623025623024
544 0.05503246753246751
545 0.19854761904761908
546 0.26649350649350645
547 0.42714285714285716
548 0.5488095238095239
549 0.45661375661375664
550 0.5301322751322751
551 0.8171428571428571
552 0.1173809523809524
553 0.16604166666666667
554 0.34299242424242415
555 0.5909090909090908
556 0.3724528804528805
557 0.5340835164835165
558 0.43214065934065926
559 0.2939393939393939
560 0.5020408163265306
561 0.7280808080808081
562 0.5363237416178593
563 0.612
564 0.8618181818181817
565 0.6012121212121212
566 0.23471861471861472
567 0.6183549783549783
568 0.5548770190342313
569 0.06168181818181819
570 0.4624999999999999
571 0.5026455026455027
572 0.3426406926406925
573 0.2593233926567259
574 0.19848484848484832
575 0.24831529581529568
576 0.4838624338624338
577 0.3447374847374847
578 0.4185185185185185
579 0.6202521008403361
580 0.5750793650793651
581 0.36378983217218513
582 0.7289696969696969
583 0.5907142857142857
584 0.3979343434343434
585 1.0
586 0.7327777777777778
587 0.12533846872082172
588 0.546677559912854
589 0.18479076479076484
590 0.15625
591 0.7584732693098091
592 0.0
593 0.17462606837606842
594 0.3145282186948854
595 0.4359788359788361
596 0.4287749287749289
597 0.7631512740023386
598 0.3277826340326341
599 1.0
600 0.17082750582750578
601 0.09997594997595001
602 0.10972730972730986
603 0.16000000000000003
604 0.3952941176470588
605 0.5923076923076924
606 0.029629629629629634
607 0.27222222222222225
608 0.37407407407407406
609 0.5865384615384616
610 0.31133237133237135
611 0.46429072681704264
612 0.7255714285714286
613 0.9280158730158731
614 0.4666666666666666
615 0.12
616 0.12
617 0.10274122807017544
618 0.13698830409356724
619 0.13698830409356724
620 0.42504273504273504
621 0.4815963010428864
622 0.505458089668616
623 0.6923809523809523
624 0.8314393939393939
625 0.7886591478696742
626 0.6686631310919736
627 0.7485755483093431
628 0.35000000000000003
629 0.5897435897435898
630 0.6710518648018649
631 0.4229166666666667
632 0.3791666666666667
633 0.6215772457596243
634 0.8441269841269842
635 0.5393749999999999
636 0.6811111111111112
637 0.30777777777777776
638 0.4849074293904142
639 0.9908289241622574

Avg. value is: 0.43954391962306194
