1 0.6962526802537508
2 0.7350862368742399
3 0.3866666666666667
4 0.11080246913580245
5 0.3244444444444445
6 0.073598166539343
7 0.5594731934731934
8 0.16000000000000003
9 0.41982905982905977
10 0.9328042328042327
11 0.6567618357468168
12 0.18902930402930407
13 0.32446428571428576
14 0.8303631553631554
15 0.5066727053140095
16 0.564786324786325
17 0.5075555555555555
18 0.6596114898763488
19 0.6666666666666666
20 0.027619047619047654
21 0.75
22 0.32083651642475175
23 0.07264957264957267
24 0.34490231990231995
25 0.5107142857142857
26 0.5452380952380952
27 0.6383333333333333
28 0.7976190476190477
29 0.2183333333333333
30 0.011538461538461553
31 0.7785490667232235
32 0.41743589743589754
33 0.7064957264957265
34 0.7286485979907033
35 0.3129273504273505
36 0.08000000000000002
37 0.2615713698066639
38 0.37333333333333335
39 0.04615384615384621
40 0.07417735042735041
41 0.3858521870286576
42 0.4944444444444446
43 0.5
44 0.3072727272727272
45 0.4033333333333333
46 0.5910873440285205
47 0.4569004524886878
48 0.2574074074074074
49 0.6037037037037036
50 0.3114285714285715
51 0.18345238095238095
52 0.23911764705882352
53 0.3866666666666667
54 0.021428571428571463
55 0.20923076923076925
56 0.10271199388846447
57 0.36190476190476195
58 0.7369444444444444
59 0.6666666666666666
60 0.3448529411764706
61 0.14143162393162395
62 0.7646153846153848
63 0.5063247863247863
64 0.16333333333333327
65 0.19676767676767662
66 0.07833333333333332
67 0.7428571428571429
68 0.5444444444444445
69 0.3566666666666667
70 0.0565656565656566
71 0.44188034188034186
72 0.6274621212121212
73 0.5272038951078811
74 0.6368103462374575
75 0.5292476641899413
76 0.75
77 0.03661616161616163
78 0.7222222222222221
79 0.38666245791245785
80 0.5834920634920636
81 0.3923611111111111
82 0.2705775705775706
83 0.20740550299373828
84 0.6013532763532763
85 0.5604166666666668
86 0.5471100818636567
87 0.3809343434343434
88 0.6161439707635358
89 0.3309785353535353
90 0.4034932659932659
91 0.41271132376395536
92 0.5422893772893773
93 0.9592592592592593
94 0.6829629629629629
95 0.042222222222222196
96 0.3866666666666667
97 0.10018939393939391
98 0.19047619047619047
99 1.0
100 0.3597008547008547
101 0.17569687257187253
102 0.2886816886816886
103 0.28288640371973706
104 0.3652056277056275
105 0.4302534271284272
106 0.1896524966261809
107 0.28601139601139597
108 0.35000000000000003
109 0.3416666666666667
110 0.1565095398428732
111 0.40795243403939063
112 1.0
113 0.21644004144004145
114 0.5807407407407407
115 0.10714285714285714
116 0.10714285714285714
117 0.7003787878787878
118 0.936489898989899
119 0.5
120 0.4710301368528652
121 0.760563973063973
122 0.5
123 0.5138888888888888
124 0.5244718013468013
125 0.3446605477855478
126 0.321859649122807
127 0.17809829059829058
128 0.06527777777777777
129 0.5
130 0.6683760683760684
131 0.6405982905982905
132 0.3083333333333333
133 0.7332275132275132
134 0.6222979797979798
135 0.5593855218855218
136 0.11685606060606055
137 0.5412067099567096
138 0.21408279220779222
139 0.4518010461760462
140 0.38295183982683983
141 0.214949494949495
142 0.4782638888888888
143 0.6122222222222222
144 0.22185592185592182
145 0.41002473117536087
146 0.3555555555555554
147 0.7463011063011061
148 0.4165079365079366
149 0.671092783768718
150 0.19238095238095243
151 0.042222222222222196
152 0.524430303087279
153 0.26666666666666666
154 0.3503977272727272
155 0.6880900349650348
156 0.7238095238095239
157 0.4457431457431456
158 0.2635461760461759
159 0.45173160173160165
160 0.2986038961038961
161 0.11075487012987009
162 0.32121212121212106
163 0.35706439393939393
164 0.5729166666666667
165 0.3115530303030303
166 0.3333333333333333
167 0.6666666666666666
168 0.3716179653679653
169 0.8712121212121211
170 0.5288954163483576
171 0.8311060606060605
172 0.47474747474747475
173 0.7716179653679653
174 0.18454184704184698
175 0.6842920433707506
176 0.6751060606060605
177 0.609185606060606
178 1.0
179 0.14711621711621703
180 0.11536435786435784
181 0.8214285714285714
182 0.5960149572649572
183 0.52
184 0.7117735042735043
185 0.32420634920634916
186 0.3511111111111111
187 0.3208585858585859
188 0.6752983892859548
189 0.5984126984126984
190 0.7688492063492063
191 0.27517482517482517
192 0.16743506493506494
193 0.24448412698412697
194 0.6237037037037036
195 0.38431623931623937
196 1.0
197 0.6257407407407407
198 0.7047619047619048
199 0.31653235653235656
200 0.1980830280830281
201 0.7454353054353055
202 0.8160000000000001
203 0.7772748166242781
204 0.6936206137482954
205 0.3333333333333333
206 0.43817663817663816
207 0.7037037037037036
208 0.6
209 0.6252380952380953
210 0.41777777777777775
211 0.49887021475256765
212 0.3336675020885547
213 0.8839065255731926
214 0.41395008720110316
215 0.9444444444444442
216 0.06153846153846162
217 0.7200000000000001
218 0.9121326821326822
219 0.5126862026862028
220 0.516161616161616
221 0.7439751126706811
222 0.9761721611721614
223 0.05934065934065939
224 0.5800000000000001
225 0.5145299145299146
226 0.13210622710622716
227 0.14139194139194144
228 0.10345543345543351
229 0.16000000000000003
230 0.3394871794871795
231 0.3466666666666667
232 0.3822843822843823
233 0.04615384615384621
234 0.4943740642686423
235 0.7685470085470086
236 0.5857142857142859
237 0.75
238 0.5800000000000001
239 1.0
240 0.3333333333333333
241 0.37081018518518516
242 0.27102272727272725
243 0.7462326852099201
244 0.5688104877578564
245 0.8829161481793064
246 0.4598819163292849
247 0.6633370764596414
248 0.3220579420579421
249 0.6401784088126472
250 0.1527777777777779
251 0.8656084656084654
252 0.2545454545454547
253 0.5755555555555556
254 0.9011607673372378
255 0.7666666666666666
256 0.5761764781362468
257 0.16103896103896115
258 0.5448497161670474
259 0.821111111111111
260 0.41893939393939394
261 0.6333333333333333
262 0.5988199130304395
263 0.8
264 0.88
265 0.5
266 0.6477850399419026
267 0.3333333333333333
268 0.5428571428571429
269 0.958169934640523
270 0.08791208791208797
271 0.1575350140056024
272 0.7716775599128541
273 0.2963274198568317
274 0.08310415075120955
275 0.428051948051948
276 0.6035947712418301
277 0.8636598401598401
278 0.38342857142857145
279 0.8314819690113809
280 0.011764705882352974
281 0.3333333333333333
282 0.5
283 0.5011437908496734
284 0.29528186274509804
285 0.45408496732026155
286 0.6666666666666666
287 0.533459595959596
288 0.4375
289 0.5
290 0.5
291 0.0
292 0.0
293 0.25
294 0.7715176856323094
295 0.0
296 0.6688674051615167
297 0.9266666666666665
298 0.8851851851851852
299 0.37047619047619046
300 0.7200000000000001
301 0.2122222222222222
302 0.3866666666666667
303 0.5800000000000001
304 0.5
305 0.7504273504273504
306 0.9011111111111111
307 0.3748717948717949
308 0.3148717948717949
309 0.33461538461538465
310 0.5
311 0.7275940557258773
312 0.1333333333333333
313 0.07111111111111108
314 0.5100000000000001
315 0.5459146683161645
316 0.16000000000000003
317 0.6399999999999998
318 0.16000000000000003
319 0.9788888888888889
320 0.6255935437541577
321 0.3845742753623188
322 0.5800000000000001
323 0.5800000000000001
324 0.5
325 0.1287037037037037
326 0.7840044869946143
327 0.9155555555555556
328 0.6324675324675326
329 0.6059829059829059
330 0.7464539278060304
331 0.3266666666666666
332 0.16000000000000003
333 0.16000000000000003
334 0.3333333333333333
335 0.6427203874293751
336 0.6042572458115756
337 0.5624617604617604
338 0.07555555555555556
339 0.8130158730158731
340 0.838605072463768
341 0.5349231168311104
342 0.3105882352941176
343 0.03308823529411764
344 0.20720899470899473
345 0.5688888888888889
346 0.13380392156862742
347 0.7933333333333332
348 0.47023809523809523
349 0.5288888888888889
350 0.38840120663650074
351 0.7205434782608696
352 0.9155555555555556
353 0.46222222222222226
354 0.5965789473684211
355 0.16000000000000003
356 0.7036904761904763
357 0.9266666666666665
358 0.3866666666666667
359 0.26
360 0.19111111111111106
361 0.7251851851851852
362 0.5686860201354131
363 0.32000000000000006
364 0.24968253968253973
365 0.830715811965812
366 0.3535539215686274
367 0.6756302521008403
368 0.5407407407407407
369 0.353968253968254
370 0.9427128427128428
371 0.5654388912508413
372 0.6309765357424137
373 0.8296825396825396
374 0.5771872491464178
375 0.466965811965812
376 0.7068335173598335
377 0.6092307692307692
378 0.7615384615384615
379 0.5638528138528139
380 0.4891330891330892
381 0.27863636363636357
382 0.46444444444444444
383 0.3392857142857143
384 0.07714285714285714
385 0.649052429052429
386 0.7222222222222221
387 0.4333333333333333
388 0.48376708483667286
389 0.6465934065934065
390 0.4145205688961384
391 0.48941798941798936
392 0.6577681557191137
393 0.588452380952381
394 0.7684126984126983
395 0.7049371087107654
396 0.1696969696969698
397 0.49294372294372285
398 0.6666666666666666
399 0.7133333333333333
400 0.6375473484848484
401 0.9393939393939393
402 0.6342857142857143
403 0.9659423539423541
404 0.787878787878788
405 0.46615873015872983
406 0.7111072286468468
407 0.4265964912280702
408 0.19999999999999996
409 0.6295238095238096
410 0.5697916666666667
411 0.061111111111111116
412 0.36732026143790847
413 1.0
414 0.48055555555555557
415 0.75
416 0.3662037037037037
417 1.0
418 0.29807692307692313
419 0.35555555555555557
420 0.23111111111111104
421 0.6499999999999999
422 0.19047619047619047
423 0.5003527336860669
424 0.9911111111111112
425 0.35555555555555557
426 0.5057468546631736
427 0.7055990075293896
428 0.39999999999999997
429 0.16111111111111104
430 0.6949189564501146
431 0.575
432 0.024999999999999984
433 0.689722222222222
434 0.3944444444444444
435 0.9642857142857144
436 0.5143930190501866
437 0.40444444444444444
438 0.14365079365079367
439 0.63
440 0.6
441 0.669673238885261
442 0.9388888888888888
443 0.7101406926406927
444 0.41818181818181815
445 0.75
446 0.7669444444444444
447 0.7834567901234569
448 0.9642857142857142
449 0.6666666666666666
450 0.6963888888888888
451 0.21887254901960776
452 0.06321428571428575
453 0.09834054834054833
454 0.3132142857142858
455 0.403030303030303
456 0.10595588235294118
457 0.37666666666666676
458 0.5697141000649772
459 0.48165445665445666
460 0.6404861111111111
461 0.4787878787878788
462 0.2787878787878788
463 0.3009090909090909
464 0.15944444444444447
465 0.616830065359477
466 0.2959075630252101
467 0.16683006535947711
468 0.46858288770053474
469 0.18717948717948715
470 0.11197399092135937
471 0.5584558823529412
472 0.5584558823529412
473 0.40837917637917637
474 0.32271794871794873
475 0.4714074074074074
476 0.41550000000000004
477 0.6
478 0.6877948717948719
479 0.15384615384615374
480 0.17103785103785105
481 0.49107843137254903
482 0.3333333333333333
483 0.09015873015873017
484 0.3968253968253968
485 0.7711111111111111
486 0.45503025629167504
487 0.9634154516507458
488 0.3132142857142858
489 0.6954365079365079
490 0.610909090909091
491 0.5478632478632479
492 0.5055555555555555
493 0.613974358974359
494 0.6474074074074074
495 0.6858974358974359
496 0.5930555555555557
497 0.5480997352502162
498 0.5376984126984127
499 0.5
500 0.7532407407407407
501 0.5729323308270676
502 0.4708994708994709
503 0.3717948717948718
504 0.43000000000000016
505 0.35727272727272724
506 0.3877777777777778
507 0.45925925925925926
508 0.7220512820512822
509 0.3304365079365079
510 0.6797295400336856
511 0.5230769230769231
512 0.2570040145040146
513 0.5398383838383839
514 0.9190476190476191
515 0.3900000000000001
516 0.29903030303030304
517 0.3889199689199689
518 0.5272727272727272
519 0.5357575757575758
520 0.5817777777777778
521 0.5013105413105413
522 0.46677350427350434
523 0.3112626262626262
524 0.6293181818181818
525 0.17577457264957264
526 0.35714285714285715
527 0.5291666666666667
528 0.29743589743589743
529 0.21902472527472527
530 0.15799062049062043
531 0.47515257421923585
532 0.6109036796536796
533 0.8005227715754032
534 0.33674242424242423
535 0.14583333333333337
536 0.0802424242424242
537 0.646031746031746
538 0.4196825396825396
539 0.1777777777777777
540 0.4765432098765432
541 0.5971781305114637
542 0.9538624338624339
543 0.6801410934744268
544 0.4257142857142857
545 0.2503571428571429
546 0.26070707070707066
547 0.4463095238095239
548 0.16150603782182732
549 0.31142857142857144
550 0.6453333333333333
551 0.42714285714285716
552 0.24914285714285717
553 0.6632211538461539
554 0.2752840909090909
555 0.6399621212121211
556 0.5964021164021165
557 0.14434126984126988
558 0.24444444444444446
559 0.7430555555555556
560 0.29166666666666674
561 0.24848484848484845
562 0.2360439560439561
563 0.45553439153439157
564 0.7214879934879935
565 0.8422889702889703
566 0.4175757575757576
567 0.6855905575905576
568 1.0
569 0.042824675324675335
570 0.5033333333333333
571 0.4954906204906204
572 0.385159632034632
573 0.4779906204906205
574 0.6728084415584414
575 0.12497474747474739
576 0.28080808080808084
577 0.0726862026862027
578 0.7107983251375114
579 0.8918070818070818
580 0.46565079365079365
581 0.38527640115875406
582 0.8342857142857143
583 0.7024761904761905
584 0.7729707404422164
585 0.7639880952380953
586 0.5070039682539682
587 0.455366692131398
588 0.9027391127391127
589 0.14169312169312168
590 0.08000000000000002
591 0.6947517412417217
592 0.08000000000000002
593 0.0780769230769231
594 0.8723809523809524
595 0.48932178932178944
596 0.12632478632478636
597 0.5973962148962149
598 0.286965811965812
599 0.17521367521367523
600 0.274118104118104
601 0.24223443223443222
602 0.35113923113923123
603 0.7360817063780716
604 0.6566046964068599
605 0.26461538461538486
606 0.49646723646723645
607 0.23985042735042733
608 0.24039886039886038
609 0.9334150326797386
610 0.118975468975469
611 0.3055696460402343
612 0.42981818181818177
613 0.5248484848484848
614 0.7955555555555556
615 0.52
616 0.52
617 0.11371162280701752
618 0.15161549707602337
619 0.15161549707602337
620 0.7940740740740738
621 0.7343722943722945
622 0.41037037037037033
623 0.6101226551226551
624 0.5591575091575092
625 0.19047619047619047
626 0.24900713321765955
627 0.45675213675213666
628 0.01666666666666668
629 0.6111680911680911
630 0.5088251879699248
631 0.3816666666666667
632 0.08899572649572651
633 0.09523809523809523
634 0.013333333333333345
635 0.3491185897435898
636 0.34555555555555556
637 0.508730110469241
638 0.7500270283552016
639 0.5303174603174603

Avg. value is: 0.4497948614621142
