1 0.7753472189836745
2 0.5397036200460066
3 0.634920634920635
4 0.6770482603815937
5 0.7124676408790214
6 0.5718935508935509
7 0.5725555555555556
8 0.4714646046581956
9 0.6026743490819831
10 0.637811957071894
11 0.6313625909522937
12 0.5965428886583002
13 0.2661033411033411
14 0.4248297998297998
15 0.636552892121435
16 0.8806153846153848
17 0.796888888888889
18 0.6111092774553686
19 0.8861111111111111
20 0.1678793428793429
21 0.9722222222222222
22 0.7441420235537882
23 0.5446428571428572
24 0.677000777000777
25 0.9638694638694638
26 0.7301702588556533
27 0.7214832846729996
28 0.9652777777777778
29 0.6407407407407408
30 0.7147817460317462
31 0.535400984331811
32 0.449189112039614
33 0.7642790305019528
34 0.6018158044296151
35 0.7998717903754249
36 0.5222044179328459
37 0.7330808080808081
38 0.44629629629629636
39 0.6229306903132426
40 0.8071428571428573
41 0.4192550505050505
42 0.724104469220559
43 0.7513888888888889
44 0.566849699421765
45 0.5782828282828283
46 0.6109595959595959
47 0.81781045751634
48 0.8644781144781144
49 0.7314814814814814
50 0.7557484380376017
51 0.5616865167434393
52 0.4030764979557921
53 0.7666666666666667
54 0.43355098448930623
55 0.9722222222222223
56 0.6802641802641803
57 0.6340852137586026
58 0.5868056804011595
59 0.6888888888888888
60 0.5250515145105095
61 0.47145790294646095
62 0.5095252545271219
63 0.7163039984156628
64 0.6445679160857266
65 0.7105183344570748
66 0.5695697789073877
67 0.7944143125428478
68 0.7866666666666666
69 0.696181387719879
70 0.6572463634605442
71 0.8986609686609687
72 0.7497752676166822
73 0.6506226491933021
74 0.6009888864148052
75 0.6560619475926354
76 0.47911809950021444
77 0.6714078228734615
78 0.527509309816166
79 0.7114113898709544
80 0.6059671707451759
81 0.828125
82 0.41499952117599176
83 0.4539529914529915
84 0.7019482151835094
85 0.4922648120710991
86 0.5091305163349685
87 0.5589130760982478
88 0.7766005240677651
89 0.7195458207642256
90 0.525410076632137
91 0.7069764352608424
92 0.5713369963369965
93 0.9006172839506172
94 0.724530162104224
95 0.5431746031746032
96 0.7107744107744107
97 0.556105663269583
98 0.6220956423513962
99 1.0
100 0.3040045248868778
101 0.4658593095357801
102 0.7880593262946204
103 0.6660447263536236
104 0.5777273818216172
105 0.4252976190476191
106 0.6970313699028869
107 0.5316915188336043
108 0.7748087102074772
109 0.9200000000000002
110 0.43024691358024686
111 0.4408159335537824
112 0.6021688523734385
113 0.6284700865585462
114 0.7939137499678831
115 0.5814986827910149
116 0.7739522926590379
117 0.7440383269959782
118 0.42317283760255925
119 0.6733635898310535
120 0.4085580199510502
121 0.6487171788591358
122 0.5023639647470292
123 0.4895532811629525
124 0.5746615493428122
125 0.6608898944193062
126 0.7708804944141852
127 0.2937556561085973
128 0.25875565610859724
129 0.5
130 0.4441193746936551
131 0.540317757876931
132 0.6502380952380953
133 0.7812297975222185
134 0.9020634920634922
135 0.4835250538545864
136 0.8502777777777779
137 0.517818484183365
138 0.62254453572031
139 0.49444444444444446
140 0.35763888888888895
141 0.4504621922062636
142 0.6672400734403567
143 0.7384478555304471
144 0.6066564684914711
145 0.5754657024439811
146 0.5891882184390752
147 0.7259190480153014
148 0.6936530892178026
149 0.5103811300028416
150 0.5063492063492064
151 0.7646629400753521
152 0.7304131486779346
153 0.6104166666666666
154 0.7703525641025641
155 0.5125
156 0.7833333333333333
157 0.7332744292213431
158 0.6520060560461408
159 0.9369498556998556
160 0.40919191919191916
161 0.35824592074592077
162 0.6572402692009982
163 0.9086805555555556
164 0.6952380952380952
165 0.7118989328430843
166 0.638888888888889
167 0.7634680134680134
168 0.7462121212121211
169 0.8743055555555554
170 0.7149694799960034
171 0.6457879898353128
172 0.4254962135765609
173 0.7170498504596445
174 0.46
175 0.4265546097121401
176 0.727
177 0.8574999999999999
178 1.0
179 0.9011904761904763
180 0.4198412698412699
181 0.8491452991452991
182 0.6853893205561091
183 0.6387141629085221
184 0.6143629107263335
185 0.4318452380952381
186 0.721150180155826
187 0.7608601275267942
188 0.47385402296184104
189 0.6174242424242424
190 0.5609595921874285
191 0.7388888888888889
192 0.730489417989418
193 0.6428571428571429
194 0.5283609683742546
195 0.76241452991453
196 1.0
197 0.6818528693528694
198 0.8799145299145298
199 0.41776190476190483
200 0.27843915343915343
201 0.6411869866524641
202 0.47573375867608414
203 0.6423527873320846
204 0.6563377500155467
205 0.6189770749082579
206 0.4133597166314361
207 0.9246666666666666
208 0.9666666666666666
209 0.6799134199134199
210 0.7465811965811966
211 0.6583231770963522
212 0.5561833485153144
213 0.5065467376679019
214 0.5467740428682473
215 0.7020821608775035
216 0.6614057308737011
217 0.6831325957164807
218 0.5256634536472194
219 0.762504256894821
220 0.7095423619185044
221 0.5469446041665665
222 0.5129651687124105
223 0.7090598472934532
224 0.5627336315528124
225 0.5185033471864011
226 0.6536438847111472
227 0.5573954607296745
228 0.5543083781719276
229 0.46606172739548324
230 0.598466350055744
231 0.5036110957211347
232 0.6128097264269261
233 0.40932441946110376
234 0.6914283761102644
235 0.6222222222222222
236 0.5922369401739834
237 0.8472222222222222
238 0.6666666666666667
239 1.0
240 0.8000000000000002
241 0.8300658831908831
242 0.7744047619047618
243 0.7949674309452799
244 0.46588167472926173
245 0.5908171936946052
246 0.6223650986348016
247 0.5017013740359217
248 0.9509722222222222
249 0.6754770681229374
250 0.7177201232923249
251 0.7983449433079443
252 0.756318714041986
253 0.7704319157468498
254 0.6121188342883298
255 0.8590277777777777
256 0.69590402397235
257 0.6916454709009352
258 0.7562522662831346
259 0.42553637931758553
260 0.7415093546075556
261 0.6229112977289873
262 0.5246474740585073
263 0.5905324315531361
264 0.5922372229453283
265 0.5757845430808763
266 0.6418924740964316
267 0.5811703321101975
268 0.9416666666666667
269 0.5553726982429201
270 0.17666666666666675
271 0.49403258771920955
272 0.9509379509379509
273 0.6396296296296297
274 0.5386690353004219
275 0.79
276 0.9329166666666666
277 0.6149074988395117
278 0.7014131118752704
279 0.5688607601715437
280 0.5732243062142902
281 0.5451890884366987
282 0.40110302639209383
283 0.41206109239510064
284 0.44220899470899466
285 0.8192239858906524
286 0.9629629629629629
287 0.44788825812072947
288 0.45535270654004745
289 0.656581221932903
290 0.5376805096063615
291 0.6666666666666666
292 0.6296945228804613
293 0.7882803372780498
294 0.7986733302432435
295 0.4219958984587423
296 0.5590525477127364
297 0.6325615012811017
298 0.6868170551980491
299 0.6791619441102288
300 0.7261217659022827
301 0.6347600819773771
302 0.6750598327061559
303 0.6199754354980895
304 0.7527419403714419
305 0.7187051098394499
306 0.6970220114388954
307 0.6537780716201635
308 0.4384766887188733
309 0.7665540764147409
310 0.5291666666666667
311 0.4746717736837706
312 0.44859795647693057
313 0.8555555555555555
314 0.5125305642651835
315 0.652705480333797
316 0.6702110746923919
317 0.48220780946492736
318 0.5790029047798458
319 0.5204653218085374
320 0.5773250916282623
321 0.5968563772229978
322 0.6511451550252638
323 0.6666666666666667
324 0.5527005299567442
325 0.711868686868687
326 0.4875006819967632
327 0.413007563176619
328 0.5409911739778184
329 0.5115402564146226
330 0.5690726152125767
331 0.5624997022462631
332 0.603933183732583
333 0.6085143322633584
334 0.5611092994451236
335 0.669115861995014
336 0.733519534470411
337 0.7336892736892737
338 0.41534602750531857
339 0.6112031122175348
340 0.6346339094397309
341 0.4599529537146136
342 0.7369446639458846
343 0.7756831666541957
344 0.9836309523809523
345 0.4810034177225416
346 0.7264716536036249
347 0.6419714689586952
348 0.6527219018526085
349 0.7543744166866321
350 0.6009984055259066
351 0.5826804696049437
352 0.5332597497182878
353 0.7142812552197367
354 0.626146036726952
355 0.7345641172158752
356 0.5316252792628171
357 0.4113629224600646
358 0.71887087029641
359 0.5476616197432715
360 0.797181420366939
361 0.49957930802114614
362 0.5017685792086
363 0.62521592171931
364 0.4074487734487734
365 0.6880647130647131
366 0.5215003515003515
367 0.510281491222403
368 0.862962962962963
369 0.6339609550354707
370 0.4812104839986976
371 0.6316936486423292
372 0.7302717613254731
373 0.7725080766975794
374 0.7832208709632983
375 0.5810100868979008
376 0.6902305922340084
377 0.4309326750427193
378 0.6161995952055899
379 0.7671298503280712
380 0.4225871318259306
381 0.35984126984126985
382 0.9305555555555557
383 0.4523809523809524
384 0.39153439153439146
385 0.5315157106621283
386 0.6502969027138433
387 0.7734126984126984
388 0.5730415319386789
389 0.6517157978444872
390 0.5424294596932843
391 0.48645082822531455
392 0.4304332196106422
393 0.504055908168776
394 0.5214532093935096
395 0.733800538595365
396 0.7012234620353286
397 0.7632587508228088
398 0.6580887448639403
399 0.7223921014031363
400 0.8596031746031745
401 0.6134307862775269
402 0.9955555555555555
403 0.7373178991724019
404 0.8571428571428571
405 0.7506600173474205
406 0.548796323857202
407 0.4076926237800019
408 0.7065912067425976
409 0.760059596748057
410 0.9183432539682541
411 0.785461360824265
412 0.5370729098911939
413 1.0
414 0.5860764914817436
415 0.7493827055492294
416 0.7803261204213551
417 1.0
418 0.8572222222222222
419 0.4787037037037037
420 0.9902777777777778
421 0.7266666666666666
422 0.7116256638829049
423 0.4622557304484638
424 0.5487675637617185
425 0.6314232487407045
426 0.7905098299510178
427 0.4542759381462873
428 0.46296296296296297
429 0.7773391363282112
430 0.6419040526256694
431 0.5982790893802965
432 0.7011877937196146
433 0.6092312774355167
434 0.5441204222533639
435 0.678298167020506
436 0.7914164259050587
437 0.6882406045110923
438 0.6271022767723422
439 0.795065442230476
440 0.4275918149459528
441 0.6757433201966925
442 0.5099719174057975
443 0.45854985137378257
444 0.33055555555555555
445 0.759319254122603
446 0.45908456909206685
447 0.6745400657506029
448 0.6674780285060915
449 0.9595458553791887
450 0.6184236950429223
451 0.452727849634095
452 0.8471186221186222
453 0.6035311103081238
454 0.7637852887852888
455 0.4548358558775044
456 0.8970512820512822
457 0.6556547459123837
458 0.8439814814814816
459 0.4920302869028823
460 0.9852971102971103
461 0.6978787878787879
462 0.8905723905723907
463 0.6665887372553232
464 0.46767680614164914
465 0.8386243386243387
466 0.7047922086261456
467 0.5495874762890122
468 0.3923333333333333
469 0.7544156734277186
470 0.8548759655377303
471 0.8525793650793652
472 0.8525793650793652
473 0.7792820512820514
474 0.7246573199307564
475 0.7895453465811321
476 0.8041319791319792
477 0.6211111111111112
478 0.8366666666666667
479 0.6966700487268918
480 0.6821048602459923
481 0.46854791747593316
482 0.4405919268616309
483 0.7873518815841066
484 0.7659222008547569
485 0.6672966110523371
486 0.4045564613852313
487 0.660508338321367
488 0.5235043247922253
489 0.6160493781610206
490 0.6863703703703703
491 0.6036800518742214
492 0.43494072955792407
493 0.7556378380943198
494 0.45386072914381587
495 0.7443874013059366
496 0.5154615879698807
497 0.5384897069700113
498 0.43265529244854056
499 0.4749096811777547
500 0.632853314313727
501 0.6883615037664085
502 0.6623295910770761
503 0.456575093142639
504 0.6081908659302111
505 0.6567434513699888
506 0.6047113537841382
507 0.5403320399619138
508 0.5620974700280259
509 0.9223484848484848
510 0.5716471728760303
511 0.6004217168637827
512 0.4295229732949257
513 0.5820801246960962
514 0.6618993952691554
515 0.5865138606498788
516 0.5618801430748267
517 0.6556839765173099
518 0.6161702301310479
519 0.5842817464498221
520 0.6990897745892177
521 0.4581675397384764
522 0.5786723961022371
523 0.8961831501831501
524 0.41910510636335324
525 0.7621688034188034
526 0.6056878306878307
527 0.9777777777777777
528 0.6539249022774238
529 0.46184643347708976
530 0.5376984126984126
531 0.7339027774056761
532 0.7397727272727272
533 0.5080099682606802
534 0.45566666666666666
535 0.7533333333333333
536 0.6941111111111111
537 0.459458556031872
538 0.6335951693201788
539 0.5663765770920393
540 0.47848750148752095
541 0.5403362094123836
542 0.7664668143027907
543 0.5509820792298983
544 0.9774242424242423
545 0.7841608391608392
546 0.7533333333333333
547 0.7328189462194166
548 0.9594125781625782
549 0.7360177477640344
550 0.45192155268798345
551 0.8764141414141413
552 0.7516666666666667
553 0.9007097069597069
554 0.938209706959707
555 0.704257153434473
556 0.7748343761733653
557 0.48779406547247106
558 0.9062337662337663
559 0.6539236838880829
560 0.5279618778592862
561 0.8962626262626262
562 0.4060946944514255
563 0.4388822037652188
564 0.7377463808029694
565 0.5487194605060574
566 0.834040404040404
567 0.44380413663774076
568 0.6460979312321746
569 0.7605677655677654
570 0.5520803461994017
571 0.9083333333333332
572 0.5125753614292013
573 0.7959633102617948
574 0.6379319800355443
575 0.8896825396825397
576 0.7774956860130886
577 0.6109029684952635
578 0.6749764504781235
579 0.4526851515544814
580 0.9103621933621934
581 0.7312594507253612
582 0.8
583 0.6964021164021165
584 0.6941621289488377
585 0.43912913346150384
586 0.7516448461816009
587 0.8985840548340548
588 0.7542063492063491
589 0.6416666666666666
590 0.8888888888888888
591 0.7579644209721134
592 0.8888888888888888
593 0.8763888888888889
594 0.6725950093511774
595 0.6220561881347395
596 0.5261143108756334
597 0.6373778074423289
598 0.40802189119585225
599 0.6759259259259259
600 0.9607142857142859
601 0.7435225886848766
602 0.40343361492819035
603 0.5053717052053455
604 0.5684776027069538
605 0.4905431359573876
606 0.572341819400643
607 0.6875896978838156
608 0.9068147538735775
609 0.5059596983506499
610 0.6107501981351626
611 0.7475074701197475
612 0.9056410256410257
613 0.4160699896255912
614 0.6283009002203443
615 0.6388888888888888
616 0.6388888888888888
617 0.4202412600207328
618 0.4425197235940938
619 0.423180106256255
620 0.7719294702272212
621 0.5358745624656642
622 0.6416694939592732
623 0.7858979670783941
624 0.6126237432166736
625 0.603419559914617
626 0.7863275887118122
627 0.7034918149061749
628 0.4750198422057238
629 0.46751123669464434
630 0.5562654251878155
631 0.5932850113103113
632 0.6498805946489294
633 0.6685441764672735
634 0.6672655037430828
635 0.49772711314060447
636 0.4135180215424818
637 0.7783685370234179
638 0.4759452439862381
639 0.5146724479217961

Avg. value is: 0.3884607512406922
