1 0.3274734524734525
2 0.3
3 0.33291666666666664
4 0.34615384615384615
5 0.3125
6 0.3223765432098765
7 0.31777065527065523
8 0.2952968960863698
9 0.3291170634920635
10 0.2687074829931973
11 0.2285714285714286
12 0.30676190476190474
13 0.3446581196581197
14 0.406875
15 0.29618055555555556
16 0.38472222222222224
17 0.3398290598290598
18 0.3849587141253808
19 0.213985088985089
20 0.23269230769230767
21 0.35912698412698413
22 0.3430958132045088
23 0.28095238095238095
24 0.2592592592592593
25 0.29464285714285715
26 0.3111111111111111
27 0.40625
28 0.40625
29 0.40625
30 0.33612914862914867
31 0.3141121031746032
32 0.29411764705882354
33 0.325735294117647
34 0.35595238095238096
35 0.27632905013857395
36 0.3074074074074074
37 0.3833333333333333
38 0.3589743589743589
39 0.3802083333333333
40 0.27037037037037037
41 0.3050722425722425
42 0.3236363636363636
43 0.35205314009661837
44 0.4176587301587302
45 0.3162464985994398
46 0.2664141414141414
47 0.33653846153846156
48 0.35015873015873017
49 0.3383838383838384
50 0.35805555555555557
51 0.3273809523809524
52 0.3243114909781577
53 0.3177083333333333
54 0.34865587628745526
55 0.32121212121212117
56 0.3971185064935065
57 0.408179012345679
58 0.3294753086419753
59 0.33999999999999997
60 0.3284313725490196
61 0.2718253968253968
62 0.3583333333333333
63 0.3920138888888889
64 0.30727682811016144
65 0.3625
66 0.375
67 0.3625
68 0.31812169312169314
69 0.37355638876937053
70 0.3210526315789474
71 0.3272569444444444
72 0.3095238095238095
73 0.2692307692307692
74 0.36111111111111116
75 0.3580246913580247
76 0.32199074074074074
77 0.35528360528360525
78 0.33333333333333337
79 0.42173913043478256
80 0.34375
81 0.37643518518518526
82 0.3371212121212121
83 0.2709750566893424
84 0.3095238095238095
85 0.3181818181818182
86 0.2569444444444445
87 0.32014590347923677
88 0.3242193173565723
89 0.4136111111111111
90 0.33055555555555555
91 0.35
92 0.3668402777777778
93 0.4240981240981241
94 0.34242013328551796
95 0.3067062672176309
96 0.3272058823529412
97 0.295679012345679
98 0.3583333333333334
99 0.3333333333333333
100 0.31682539682539684
101 0.3463283352556709
102 0.2848290598290598
103 0.2986111111111111
104 0.2924836601307189
105 0.3416666666666667
106 0.3243312757201646
107 0.3312872023809524
108 0.2861111111111111
109 0.344957264957265
110 0.36026785714285714
111 0.3416666666666666
112 0.40756302521008403
113 0.3235294117647059
114 0.27192982456140347
115 0.3228269085411942
116 0.357032967032967
117 0.3076923076923077
118 0.34470899470899474
119 0.3893229166666667
120 0.3153846153846154
121 0.35555555555555557
122 0.2990740740740741
123 0.3576388888888889
124 0.3282051282051282
125 0.2756283068783069
126 0.2928876678876679
127 0.305668016194332
128 0.32775054466230935
129 0.3603174603174603
130 0.3333333333333333
131 0.3142857142857143
132 0.34375
133 0.3333333333333333
134 0.2916666666666667
135 0.35800094966761636
136 0.34311403508771926
137 0.3272058823529412
138 0.3611111111111111
139 0.3121345029239766
140 0.3939814814814815
141 0.36666666666666664
142 0.39316239316239315
143 0.3190301761730333
144 0.3392045454545454
145 0.36007469654528473
146 0.3185017596782303
147 0.4734615384615385
148 0.32375
149 0.2857142857142857
150 0.2735294117647059
151 0.2916666666666667
152 0.3
153 0.2839506172839506
154 0.3340909090909091
155 0.30586080586080583
156 0.3333333333333333
157 0.3070175438596491
158 0.3132716049382716
159 0.3132716049382716
160 0.3100529100529101
161 0.3472222222222222
162 0.3017543859649123
163 0.33361111111111114
164 0.3125
165 0.33796296296296297
166 0.32947530864197533
167 0.36538461538461536
168 0.3002314814814815
169 0.3
170 0.3131868131868132
171 0.3427579365079365
172 0.3583829365079365
173 0.3427579365079365
174 0.3402267573696145
175 0.4055271922119748
176 0.34615384615384615
177 0.22919823232323233
178 0.36182336182336183
179 0.3233618233618234
180 0.36182336182336183
181 0.41585213032581453
182 0.38106725146198833
183 0.30474308300395253
184 0.3367149758454106
185 0.31828564283274424
186 0.3055555555555555
187 0.29121690763847624
188 0.3206878306878307
189 0.40724206349206354
190 0.3078798185941043
191 0.34001513532763533
192 0.3047296768887678
193 0.30442057942057943
194 0.3113095238095238
195 0.28515625
196 0.28515625
197 0.303639846743295
198 0.36363636363636365
199 0.32318840579710145
200 0.328125
201 0.3472222222222222
202 0.41924603174603176
203 0.3541666666666667
204 0.3229166666666667
205 0.33958333333333335
206 0.3134920634920635
207 0.33636363636363636
208 0.3496732026143791
209 0.3643790849673203
210 0.34497863247863253
211 0.39285714285714285
212 0.35437042124542123
213 0.39723186728395055
214 0.2986111111111111
215 0.4090909090909091
216 0.4172113289760348
217 0.41250000000000003
218 0.36021598962102397
219 0.31623829175316587
220 0.36239907727797
221 0.3277160169623405
222 0.35555555555555557
223 0.36507936507936506
224 0.38564814814814813
225 0.4186111111111111
226 0.30476190476190473
227 0.20965277777777777
228 0.21298611111111113
229 0.2620659722222222
230 0.3014705882352941
231 0.21
232 0.21
233 0.31018518518518523
234 0.27163643235071805
235 0.3683352187028658
236 0.25253267973856214
237 0.37416258169934646
238 0.39215367965367964
239 0.1616161616161616
240 0.34444444444444444
241 0.3304824561403509
242 0.34625
243 0.33562951496388027
244 0.3588026556776557
245 0.3183661760050649
246 0.3815104166666667
247 0.2997929606625259
248 0.3178888888888889
249 0.40855555555555556
250 0.38461538461538464
251 0.32857142857142857
252 0.3768187830687831
253 0.29276315789473684
254 0.3333333333333333
255 0.3235294117647059
256 0.3638490164805954
257 0.3333333333333333
258 0.24444444444444444
259 0.3281217750257998
260 0.32309941520467833
261 0.2945875420875421
262 0.36363636363636365
263 0.2952724358974359
264 0.3184173669467787
265 0.31472222222222224
266 0.3454415954415954
267 0.40625
268 0.2857142857142857
269 0.27564102564102566
270 0.34708994708994706
271 0.3333333333333333
272 0.37815126050420167
273 0.35267857142857145
274 0.44270833333333337
275 0.375
276 0.27636483886483887
277 0.35978835978835977
278 0.4107624831309042
279 0.3855519480519481
280 0.3642857142857143
281 0.3458646616541353
282 0.3777777777777778
283 0.347695707070707
284 0.3443287037037037
285 0.34490740740740744
286 0.356060606060606
287 0.297364345043573
288 0.3131868131868132
289 0.3876984126984127
290 0.28769841269841273
291 0.28769841269841273
292 0.35353535353535354
293 0.3103550295857988
294 0.37776251526251525
295 0.2942583732057416
296 0.31492108585858586
297 0.291866028708134
298 0.31587301587301586
299 0.38472222222222224
300 0.3277777777777778
301 0.375
302 0.27
303 0.27
304 0.3261904761904762
305 0.3515873015873016
306 0.37222222222222223
307 0.4090909090909091
308 0.36666666666666664
309 0.4077042748917749
310 0.35258784425451095
311 0.3095238095238095
312 0.4030830280830281
313 0.3970213996529786
314 0.3369360902255639
315 0.32247927511085406
316 0.39753764753764753
317 0.3616792929292929
318 0.29211991711991714
319 0.42768772893772883
320 0.39980158730158727
321 0.3620772946859903
322 0.3245230078563412
323 0.32665635646404884
324 0.38461538461538464
325 0.35561762311762307
326 0.3351971557853911
327 0.35444444444444445
328 0.3055555555555555
329 0.3594135802469136
330 0.28894927536231885
331 0.39832427536231885
332 0.3556721056721057
333 0.42179487179487174
334 0.37156926406926405
335 0.3374598111440217
336 0.3740424184868629
337 0.4048594923594924
338 0.3137810589822974
339 0.35067511853226135
340 0.4333616780045352
341 0.4370659722222222
342 0.2951388888888889
343 0.2916666666666667
344 0.3634567901234568
345 0.3328899835796388
346 0.37552083333333336
347 0.3969372294372294
348 0.3100448933782267
349 0.30872053872053873
350 0.40086580086580087
351 0.3195695706409992
352 0.39473684210526316
353 0.4709690394247181
354 0.40006038647342995
355 0.3659226190476191
356 0.3668803418803419
357 0.36763296227581943
358 0.42055555555555557
359 0.3888888888888889
360 0.4165564373897707
361 0.40655270655270653
362 0.25224358974358974
363 0.37857142857142856
364 0.3477891156462585
365 0.3921486884156567
366 0.3644580727914062
367 0.3725421043602861
368 0.26785714285714285
369 0.3426657447490781
370 0.5066287878787878
371 0.4524621212121212
372 0.35043290043290043
373 0.3194444444444445
374 0.38611111111111107
375 0.4428571428571429
376 0.3730945539135194
377 0.3796296296296296
378 0.2857142857142857
379 0.39285714285714285
380 0.3125
381 0.38203125000000004
382 0.2351482259570495
383 0.3520833333333333
384 0.30140754307420975
385 0.39144736842105265
386 0.35049019607843135
387 0.4125403976365515
388 0.40270979020979025
389 0.35064935064935066
390 0.359387426299191
391 0.3388841927303466
392 0.41127423301336347
393 0.27893162393162396
394 0.31365384615384617
395 0.22175925925925924
396 0.45829772079772074
397 0.3404761904761905
398 0.3742063492063492
399 0.45509259259259266
400 0.408912355006105
401 0.4511381172839506
402 0.33888888888888885
403 0.3916491596638655
404 0.32387820512820514
405 0.4478774928774929
406 0.3020833333333333
407 0.4032738095238095
408 0.3927083333333334
409 0.3909722222222222
410 0.33690476190476193
411 0.2913919413919414
412 0.363905325443787
413 0.4212121212121212
414 0.4454545454545455
415 0.3672797550392706
416 0.4476033834586466
417 0.35
418 0.3666666666666666
419 0.4395833333333333
420 0.4976911976911977
421 0.400515873015873
422 0.342914653784219
423 0.43092592592592593
424 0.3636111111111111
425 0.40370370370370373
426 0.35036375661375657
427 0.4091600529100529
428 0.3154761904761905
429 0.3346908939014202
430 0.4413690476190476
431 0.3557017543859649
432 0.47268518518518515
433 0.35472608024691354
434 0.47295321637426896
435 0.425390625
436 0.3599567099567099
437 0.36972222222222223
438 0.3890394327894328
439 0.3399494949494949
440 0.4215686274509804
441 0.42361111111111105
442 0.2916666666666667
443 0.38205827211509025
444 0.38826358826358826
445 0.3513454861111111
446 0.42769607843137253
447 0.3736111111111111
448 0.3736111111111111
449 0.4152777777777778
450 0.3675925925925926
451 0.3593845725424673
452 0.28897392290249435
453 0.36317791005291006
454 0.2777777777777778
455 0.36618055555555556
456 0.42064484126984125
457 0.376533189033189
458 0.29831932773109243
459 0.3333276098901099
460 0.31981481481481483
461 0.31562500000000004
462 0.3318077601410935
463 0.3582175925925926
464 0.3481209150326797
465 0.3333333333333333
466 0.358974358974359
467 0.4162237308017359
468 0.3623560535325241
469 0.3402777777777778
470 0.28553921568627455
471 0.33203125
472 0.3757716049382716
473 0.3948735587002097
474 0.37592592592592594
475 0.3966008771929825
476 0.375
477 0.29824561403508776
478 0.37787934459761086
479 0.3266289592760181
480 0.3604940810823164
481 0.3075
482 0.2923881673881674
483 0.4254177953232575
484 0.32847476597476594
485 0.35710470085470086
486 0.3833333333333333
487 0.3116238138965412
488 0.4041763791763792
489 0.36250000000000004
490 0.3333333333333333
491 0.388235294117647
492 0.37935340802987866
493 0.37943722943722946
494 0.2569444444444445
495 0.33449074074074076
496 0.5144570707070707
497 0.29083333333333333
498 0.3358333333333333
499 0.44045238095238093
500 0.40592105263157896
501 0.36855019493177393
502 0.3603785103785104
503 0.3766567246249909
504 0.3617063492063492
505 0.46770451770451776
506 0.44206349206349205
507 0.4317460317460317
508 0.40178571428571425
509 0.417402294675022
510 0.3138888888888889
511 0.2942708333333333
512 0.3564475790316126
513 0.3194444444444444
514 0.39175824175824175
515 0.32142857142857145
516 0.3958333333333333
517 0.2653061224489796
518 0.3836805555555556
519 0.345679012345679
520 0.37932587564940506
521 0.4052631578947368
522 0.35185185185185186
523 0.2784423179160021
524 0.340159109895952
525 0.35784313725490197
526 0.3263888888888889
527 0.3955498866213151
528 0.4136904761904762
529 0.41353305785123967
530 0.39287096508563896
531 0.3810480113016345
532 0.41666666666666663
533 0.327360910694244
534 0.40782394688644685
535 0.3737274707862943
536 0.2857142857142857
537 0.3776167471819646
538 0.31689267522600856
539 0.4084400301791606
540 0.41333333333333333
541 0.31175213675213675
542 0.4284188034188034
543 0.27911522633744856
544 0.3818679216406489
545 0.39263888888888887
546 0.4644574047351825
547 0.3188131313131314
548 0.37321746880570406
549 0.4327731092436975
550 0.3467948717948718
551 0.4071296296296296
552 0.30613636363636365
553 0.33363395863395856
554 0.325
555 0.3208333333333333
556 0.2711111111111111
557 0.35784313725490197
558 0.38647394272394275
559 0.3310185185185185
560 0.29158583186360965
561 0.3974826388888889
562 0.35696176618795666
563 0.3874716553287982
564 0.17708333333333334
565 0.375
566 0.3181818181818182
567 0.41858974358974355
568 0.2959770114942529
569 0.3491209716209716
570 0.36025641025641025
571 0.36284722222222227
572 0.29464285714285715
573 0.35625
574 0.4003267973856209
575 0.45659722222222227
576 0.3590054466230937
577 0.3517628205128205
578 0.33767748478701826
579 0.3392857142857143
580 0.331453634085213
581 0.37131166056166054
582 0.3625
583 0.38666666666666666
584 0.3324652777777778
585 0.352962962962963
586 0.524074074074074
587 0.3909090909090909
588 0.3635025062656641
589 0.42231968810916176
590 0.42869674185463663
591 0.31410256410256415
592 0.3568627450980392
593 0.35714285714285715
594 0.32352941176470584
595 0.4046296296296296
596 0.40302579365079366
597 0.3247354497354497
598 0.3705128205128205
599 0.35641025641025637
600 0.3414924944336709
601 0.4048611111111111
602 0.36891025641025643
603 0.3547619047619048
604 0.37121212121212116
605 0.3619047619047619
606 0.40376483084816417
607 0.3443419653599709
608 0.3925960735171262
609 0.2963659147869674
610 0.349937343358396
611 0.3561094819159335
612 0.39628571428571424
613 0.3277310924369748
614 0.45370370370370366
615 0.4456287499050656
616 0.326758711374096
617 0.35041005291005295
618 0.4513888888888889
619 0.2916666666666667
620 0.3299501424501425
621 0.35912698412698413
622 0.3937425807217474
623 0.3426295926295926
624 0.34134615384615385
625 0.4111111111111111
626 0.3125
627 0.3948412698412698
628 0.3458333333333333
629 0.3228219696969697
630 0.4097147950089126
631 0.36983471074380164
632 0.40138888888888885
633 0.36666666666666664
634 0.30476190476190473
635 0.39507054673721337
636 0.3062169312169312
637 0.35233918128654973
638 0.3684901738473167
639 0.359375
640 0.3926282051282051
641 0.349729938271605
642 0.3687719931140984
643 0.30276816608996543
644 0.3944260311447812
645 0.39666666666666667
646 0.342809364548495
647 0.3976923076923077
648 0.2508204038524405
649 0.3277310924369748
650 0.3716931216931217
651 0.34589947089947093
652 0.32142857142857145
653 0.3210227272727273
654 0.2857142857142857
655 0.3686868686868687
656 0.3602430555555556
657 0.33193277310924374
658 0.26760980486470687
659 0.29795321637426897
660 0.33125
661 0.31845238095238093
662 0.31845238095238093
663 0.35299801079852233
664 0.29002802752802753
665 0.3455808080808081
666 0.31
667 0.4255401234567901
668 0.24623819163292848
669 0.3367071524966262
670 0.27749999999999997
671 0.29375
672 0.26105805570091284
673 0.27361111111111114
674 0.3236111111111112
675 0.23194444444444445
676 0.3572916666666667
677 0.2879202279202279
678 0.35817307692307687
679 0.3525641025641026
680 0.3346153846153846
681 0.38125
682 0.3216374269005848
683 0.375
684 0.2727272727272727
685 0.29126984126984123
686 0.3429951690821256
687 0.34953703703703703
688 0.3429951690821256
689 0.34375
690 0.3486231030873888
691 0.3938740079365079
692 0.28070707070707074
693 0.3207070707070707
694 0.3117283950617284
695 0.3148148148148148
696 0.3190789473684211
697 0.367173721340388
698 0.37321937321937326
699 0.373172514619883
700 0.3610958485958487
701 0.36356209150326796
702 0.3273809523809524
703 0.3116883116883117
704 0.40707671957671954
705 0.3844246031746032
706 0.3576388888888889
707 0.31954887218045114
708 0.3125
709 0.3577724358974359
710 0.3581944444444445
711 0.4098148148148148
712 0.30357142857142855
713 0.33666666666666667
714 0.35416666666666663
715 0.32142857142857145
716 0.3892857142857143
717 0.3892857142857143
718 0.3892857142857143
719 0.2874236874236874
720 0.26587301587301587

Avg. value is: 0.34828479065220685
