1 0.13333333333333336
2 0.3068342151675485
3 0.36900352733686065
4 0.3590277777777778
5 0.3134920634920635
6 0.25144522144522147
7 0.23578088578088577
8 0.17821869488536157
9 0.3556090000534445
10 0.340625
11 0.4045138888888889
12 0.20406746031746031
13 0.23288690476190477
14 0.2145006613756614
15 0.06597222222222224
16 0.08217592592592594
17 0.2877622377622378
18 0.39650641025641026
19 0.13045076616505188
20 0.17543290043290044
21 0.12063492063492064
22 0.3999896489515867
23 0.3204653371320038
24 0.25833333333333336
25 0.3878968253968254
26 0.23433484504913074
27 0.4235675995544417
28 0.4326449805068226
29 0.4235675995544417
30 0.2328884078884079
31 0.1694444444444444
32 0.07625661375661377
33 0.1314814814814815
34 0.29651675485008816
35 0.2536899250440917
36 0.25742669753086417
37 0.2847119315869316
38 0.24030044030044032
39 0.3466310541310541
40 0.271981721981722
41 0.2486607142857143
42 0.36085966502633166
43 0.2620287698412698
44 0.31607142857142856
45 0.26312992562992565
46 0.08875661375661377
47 0.11696428571428573
48 0.10694444444444447
49 0.12904040404040407
50 0.13194444444444448
51 0.36807359307359305
52 0.07546296296296295
53 0.35979107312440645
54 0.11177248677248679
55 0.2
56 0.07142857142857145
57 0.39894179894179893
58 0.3879281537176274
59 0.31746323529411763
60 0.28150862617774386
61 0.3249198717948718
62 0.380499803227076
63 0.2740740740740741
64 0.341468253968254
65 0.3537698412698413
66 0.32648809523809524
67 0.34484126984126984
68 0.09777777777777778
69 0.2763007054673721
70 0.13798851611351612
71 0.0872895622895623
72 0.32309833024118734
73 0.10484848484848483
74 0.1802020202020202
75 0.4239583333333333
76 0.4253106725146199
77 0.2377899877899878
78 0.3683862433862434
79 0.298609910304739
80 0.2740040460628696
81 0.26219336219336214
82 0.24194699975949976
83 0.2759092759092759
84 0.23888711004095617
85 0.11666666666666668
86 0.05740740740740743
87 0.33317534317534314
88 0.20047619047619047
89 0.2125
90 0.36353276353276354
91 0.34814814814814815
92 0.35413165266106444
93 0.3727324263038549
94 0.2294973544973545
95 0.25109125545728417
96 0.1820436507936508
97 0.1169030969030969
98 0.07967032967032965
99 0.386343594676928
100 0.3473389650472984
101 0.3075529100529101
102 0.2805663780663781
103 0.3484848484848485
104 0.1910434472934473
105 0.28750000000000003
106 0.3034311367644701
107 0.24333664021164023
108 0.16984126984126988
109 0.07746031746031748
110 0.33784722222222224
111 0.2179563492063492
112 0.2321759259259259
113 0.2757789535567314
114 0.06653846153846153
115 0.4136679292929293
116 0.38465007215007213
117 0.3242293060474879
118 0.11136063011063012
119 0.225
120 0.2183366402116402
121 0.10788840788840788
122 0.15065359477124182
123 0.2855699855699856
124 0.23354001322751322
125 0.3114478114478114
126 0.3101746632996633
127 0.36055591581907376
128 0.42184667184667185
129 0.36094104308390024
130 0.32364683247036186
131 0.424647266313933
132 0.4059670781893004
133 0.3462005587005587
134 0.3094551282051282
135 0.30973639455782315
136 0.31321473665223665
137 0.37927350427350426
138 0.34323546823546824
139 0.2517025412858746
140 0.309508547008547
141 0.36498488284202574
142 0.258614417989418
143 0.24598021026592454
144 0.3887738330046023
145 0.30460615773115773
146 0.2788212815990594
147 0.28994588744588745
148 0.22314814814814812
149 0.3497835497835498
150 0.3914517195767196
151 0.3473462301587302
152 0.2824270174270174
153 0.3012037037037037
154 0.3365190365190365
155 0.37810674028065333
156 0.29867909867909864
157 0.2955146705146705
158 0.3755050505050505
159 0.385574494949495
160 0.14583333333333334
161 0.22966269841269843
162 0.27393162393162396
163 0.27526455026455027
164 0.3182638069001706
165 0.19883597883597884
166 0.2751322751322752
167 0.17328042328042328
168 0.36373456790123454
169 0.30813075813075813
170 0.32800417175417174
171 0.39578111946533
172 0.3181818181818182
173 0.39578111946533
174 0.1280995624745625
175 0.4315480058170117
176 0.4311581422692534
177 0.1722222222222222
178 0.23097222222222222
179 0.1936868686868687
180 0.2873737373737374
181 0.2537037037037037
182 0.2700727513227513
183 0.35810327729832375
184 0.37979615782646087
185 0.3939360119047619
186 0.03865578865578863
187 0.39087988730845874
188 0.2531033781033781
189 0.3458730158730159
190 0.29277319902319904
191 0.283525830894252
192 0.2598922231333298
193 0.2946084475141493
194 0.36090534979423866
195 0.2050231203592548
196 0.20485466914038344
197 0.34151785714285715
198 0.24412698412698414
199 0.11703227328227324
200 0.2921768707482993
201 0.3570398978895711
202 0.3368055555555556
203 0.4156273620559335
204 0.4415343915343915
205 0.39933545986177565
206 0.34202240660573996
207 0.09074074074074076
208 0.059444444444444446
209 0.101984126984127
210 0.1314935064935065
211 0.31378600823045266
212 0.2898989898989899
213 0.1712573099415205
214 0.35030864197530864
215 0.05206552706552705
216 0.0591880341880342
217 0.14279115945782608
218 0.2525720164609053
219 0.2274404761904762
220 0.18865640532307199
221 0.11133691411469189
222 0.19895833333333335
223 0.18680555555555556
224 0.33371192299763724
225 0.285404674690389
226 0.29958592132505174
227 0.07328042328042329
228 0.11791383219954651
229 0.1292517006802721
230 0.3416786916786917
231 0.30284060846560845
232 0.3004100529100529
233 0.3761148904006047
234 0.3926114890400605
235 0.13018518518518518
236 0.3430952380952381
237 0.3213802709636043
238 0.4048225308641975
239 0.13313492063492066
240 0.08809523809523813
241 0.21279942279942282
242 0.25105820105820104
243 0.1427248677248677
244 0.18122122586408304
245 0.23789281705948373
246 0.14278365667254556
247 0.07307183557183555
248 0.14088246409674982
249 0.38488900391074304
250 0.3511574074074074
251 0.17228327228327225
252 0.27421652421652426
253 0.289983164983165
254 0.26355218855218854
255 0.29100529100529104
256 0.2482237339380197
257 0.255842151675485
258 0.37777777777777777
259 0.11598905723905724
260 0.1550925925925926
261 0.2778998778998779
262 0.3475440069190069
263 0.1066220238095238
264 0.1619608786275453
265 0.2499244142101285
266 0.2503713878713879
267 0.2638888888888889
268 0.2833333333333334
269 0.11607142857142859
270 0.3001736111111111
271 0.2766381766381767
272 0.17296296296296296
273 0.24842171717171718
274 0.25053418803418803
275 0.2882771164021164
276 0.13006715506715505
277 0.32316468253968256
278 0.29507575757575755
279 0.25738486050986054
280 0.29553872053872055
281 0.27207630332630334
282 0.256787062144205
283 0.23048340548340548
284 0.10243255972422638
285 0.10850118245951583
286 0.32
287 0.3168170512183117
288 0.3038888888888889
289 0.3440740740740741
290 0.3440740740740741
291 0.3440740740740741
292 0.13722943722943723
293 0.21631944444444445
294 0.15069444444444444
295 0.32710599585599587
296 0.2568446510754203
297 0.32768658810325474
298 0.20873015873015874
299 0.31133786848072564
300 0.22397014361300077
301 0.3415034700748986
302 0.2887888346221679
303 0.3081671415004748
304 0.32996632996632996
305 0.2459175084175084
306 0.14505772005772005
307 0.3502238502238502
308 0.36884920634920637
309 0.31138485697309226
310 0.2708874458874459
311 0.2424918831168831
312 0.23809523809523808
313 0.3752294818471289
314 0.19572649572649573
315 0.2050967261904762
316 0.26400226757369616
317 0.297039270253556
318 0.32263249316820747
319 0.19589400498491408
320 0.1668199855699856
321 0.15696188071188072
322 0.2255982905982906
323 0.20780330780330783
324 0.21053992303992305
325 0.08645833333333336
326 0.11861111111111111
327 0.3428450703779651
328 0.3772709076985393
329 0.40725713012477716
330 0.2838203463203463
331 0.26866883116883117
332 0.23637007833436408
333 0.25
334 0.37028619528619533
335 0.32801560579338357
336 0.16814713064713063
337 0.2013736263736264
338 0.24920634920634924
339 0.3282407407407407
340 0.30261296437767027
341 0.32696759259259256
342 0.11381673881673882
343 0.06986531986531985
344 0.2427910052910053
345 0.3218537414965987
346 0.33520923520923523
347 0.3709005640823823
348 0.19126984126984128
349 0.21882716049382714
350 0.20767496392496396
351 0.34288441259595104
352 0.36485876959479446
353 0.45238095238095244
354 0.2705948372615039
355 0.3733920841063698
356 0.35312499999999997
357 0.2380331088664422
358 0.4409807013973681
359 0.3355880230880231
360 0.2912855732404605
361 0.33114478114478113
362 0.2559670781893004
363 0.31101190476190477
364 0.3150655864197531
365 0.29120370370370374
366 0.2303968253968254
367 0.2640740740740741
368 0.1992330714552937
369 0.2801568930041152
370 0.29398148148148145
371 0.38518518518518513
372 0.38095238095238093
373 0.35
374 0.27172017797017795
375 0.2216126466126466
376 0.25835978835978834
377 0.22500000000000003
378 0.2680555555555556
379 0.3520408163265306
380 0.3592622655122655
381 0.24030483405483405
382 0.05150462962962965
383 0.3890420751633987
384 0.3101183402653991
385 0.35871998371998376
386 0.26736307986307983
387 0.2465277777777778
388 0.31022588522588523
389 0.32279040404040404
390 0.1852433060766394
391 0.18559480189382152
392 0.3088914625679332
393 0.03598484848484848
394 0.10164141414141414
395 0.25092731829573933
396 0.11396011396011402
397 0.1301226551226551
398 0.3023148148148148
399 0.40555555555555556
400 0.35801241582491583
401 0.4693732193732194
402 0.33681318681318684
403 0.34543650793650793
404 0.2916645854145854
405 0.3575490481740482
406 0.24488636363636362
407 0.35738636363636367
408 0.27306397306397306
409 0.3373989898989899
410 0.2896374458874459
411 0.25170068027210885
412 0.327906162464986
413 0.39351851851851855
414 0.3502645502645503
415 0.2663673774784886
416 0.31422558922558924
417 0.15508750135766264
418 0.263515651015651
419 0.3837037037037037
420 0.35775623380665394
421 0.30219965219965217
422 0.2822775689223057
423 0.2634361009361009
424 0.2157008115341449
425 0.19475709475709477
426 0.3189270152505447
427 0.43171296296296297
428 0.23283549783549784
429 0.26946386946386947
430 0.184927398989899
431 0.3051587301587302
432 0.3548611111111111
433 0.06692620650953986
434 0.3764169472502806
435 0.4421636234136234
436 0.2807377807377807
437 0.30619975262832405
438 0.1848552489177489
439 0.20700553926360377
440 0.35474453530009087
441 0.2060405643738977
442 0.2533068783068783
443 0.2604166666666667
444 0.36786731786731786
445 0.2644027269027269
446 0.38405349794238686
447 0.3658950617283951
448 0.3777362298195632
449 0.39673120089786756
450 0.3259401709401709
451 0.325450752950753
452 0.31125124875124877
453 0.3427233414733415
454 0.14924242424242426
455 0.16616161616161618
456 0.3516666666666667
457 0.3664037814037814
458 0.23585673585673586
459 0.31084656084656087
460 0.4087931318194476
461 0.3259379509379509
462 0.4092778363611697
463 0.3307692307692308
464 0.2599991278562707
465 0.2698412698412698
466 0.22735449735449736
467 0.2937037037037037
468 0.29282325418689054
469 0.28686868686868683
470 0.3899621212121212
471 0.41041666666666665
472 0.2452463624338624
473 0.2166005291005291
474 0.20992063492063492
475 0.08333333333333331
476 0.2277777777777778
477 0.40534978544846967
478 0.31377505210838547
479 0.2571806500377929
480 0.33238851095993954
481 0.4084656084656084
482 0.3429717029414261
483 0.21743589743589742
484 0.3505213196389667
485 0.37757163471449184
486 0.4152469135802469
487 0.37623456790123455
488 0.33571428571428574
489 0.19522072577628133
490 0.3333333333333333
491 0.34363722697056026
492 0.3387542087542087
493 0.20086580086580086
494 0.15952380952380954
495 0.3109977324263039
496 0.4131944444444444
497 0.1448112073112073
498 0.20372088229231086
499 0.3299319727891156
500 0.3391941391941392
501 0.27059208152958153
502 0.2522471741221741
503 0.23639196451696454
504 0.2517845117845118
505 0.28947302697302696
506 0.257486494986495
507 0.24189857761286332
508 0.2594404527096834
509 0.2739984882842026
510 0.21728395061728392
511 0.20542328042328042
512 0.27346731200897867
513 0.2535176463747892
514 0.31207861582861585
515 0.27839506172839507
516 0.2652777777777778
517 0.36538461538461536
518 0.2172809829059829
519 0.3544823232323232
520 0.2581807081807082
521 0.3208943833943834
522 0.3277588813303099
523 0.10184240362811796
524 0.15016491445062877
525 0.3030864197530864
526 0.2280039983164983
527 0.24607804232804234
528 0.26406371406371404
529 0.40740740740740744
530 0.40079365079365076
531 0.35308641975308647
532 0.21851851851851853
533 0.31755181057930415
534 0.36868799603174607
535 0.16095238095238093
536 0.2972222222222223
537 0.09126984126984129
538 0.28033848867182204
539 0.3974452315361406
540 0.3883447651170125
541 0.30823863636363635
542 0.41712962962962963
543 0.20045351473922904
544 0.37222222222222223
545 0.20310502989074417
546 0.3556783824640967
547 0.2593401968401969
548 0.2752149531754795
549 0.3337962962962963
550 0.24461017740429503
551 0.29364430957568216
552 0.24204162840526477
553 0.3016091652455289
554 0.3289892977392977
555 0.3064775910364146
556 0.311564978231645
557 0.3851533189033189
558 0.25047928262213975
559 0.4074074074074074
560 0.35423280423280423
561 0.23001175778953561
562 0.25111006683375103
563 0.38163690476190476
564 0.025641025641025605
565 0.3696999296999297
566 0.3300595700595701
567 0.44412878787878785
568 0.21206474684735552
569 0.3169146825396825
570 0.41130952380952385
571 0.38762210012210013
572 0.283364898989899
573 0.35643939393939394
574 0.3516016663075487
575 0.3082571749238416
576 0.33681318681318684
577 0.204894906680621
578 0.12617845117845117
579 0.324023569023569
580 0.3111862674362674
581 0.33234905073140364
582 0.3710482804232805
583 0.33295304232804235
584 0.37091422466422463
585 0.38409197012138185
586 0.41250000000000003
587 0.2968150896722325
588 0.2547730708444994
589 0.27897025813692483
590 0.2861772486772487
591 0.1026098901098901
592 0.269713895173454
593 0.33992673992673994
594 0.2684104695389862
595 0.22039442039442042
596 0.14713804713804712
597 0.21399615045448375
598 0.3114197530864197
599 0.19046950991395434
600 0.3498214285714286
601 0.402934102934103
602 0.1526978312692598
603 0.31319444444444444
604 0.30883597883597885
605 0.35495522995523
606 0.28009259259259256
607 0.29623015873015873
608 0.1806830206830207
609 0.15026455026455027
610 0.15063492063492068
611 0.30124716553287983
612 0.38573232323232326
613 0.26700036075036077
614 0.324546485260771
615 0.3117283950617284
616 0.25952380952380955
617 0.20763888888888887
618 0.47098214285714285
619 0.3514880952380952
620 0.32152777777777775
621 0.3138447971781305
622 0.44560185185185186
623 0.19523809523809524
624 0.38958333333333334
625 0.36737012987012985
626 0.25530453342953346
627 0.3712962962962963
628 0.29597869062154775
629 0.27645502645502645
630 0.2788635361552028
631 0.34143713040771867
632 0.3656181917211329
633 0.3952020202020202
634 0.36641414141414147
635 0.3850829725829726
636 0.20346220137886806
637 0.32641830301144026
638 0.19250513795968338
639 0.1276406926406926
640 0.18332251082251083
641 0.3898190045248868
642 0.24805035650623886
643 0.286194419006919
644 0.4095238095238095
645 0.11430860805860807
646 0.1605880230880231
647 0.10944444444444446
648 0.2644680716109288
649 0.35976331360946745
650 0.17149470899470898
651 0.20680605575563557
652 0.28390194461623036
653 0.11431277056277059
654 0.14516594516594514
655 0.27014652014652013
656 0.309640522875817
657 0.3739068930041152
658 0.29354904354904354
659 0.3642169830895321
660 0.3419642857142857
661 0.31947624135124136
662 0.33871336996337
663 0.2922222222222222
664 0.2482638195138195
665 0.2857170607170607
666 0.38431122448979593
667 0.07259259259259263
668 0.3029100529100529
669 0.3835208483645983
670 0.3254519400352734
671 0.021153846153846148
672 0.203968253968254
673 0.2665154950869236
674 0.2226337448559671
675 0.2023148148148148
676 0.3025699168556311
677 0.2052749719416386
678 0.29329660420991693
679 0.3313574735449736
680 0.2647569444444444
681 0.344359410430839
682 0.37823129251700677
683 0.25666666666666665
684 0.2125
685 0.1741255144032922
686 0.2270833333333333
687 0.2105459355459355
688 0.2270833333333333
689 0.35757275132275135
690 0.29290123456790124
691 0.35194444444444445
692 0.36681657848324517
693 0.34305555555555556
694 0.25857142857142856
695 0.30833333333333335
696 0.2651166734500068
697 0.36555074555074557
698 0.3592512425845759
699 0.34827097505668936
700 0.31157793925651067
701 0.3937783446712018
702 0.10096801346801347
703 0.071010101010101
704 0.42175303202088915
705 0.29795746581460875
706 0.33274582560296845
707 0.33176242948970225
708 0.31374007936507936
709 0.21626984126984128
710 0.2888033776922666
711 0.32976457698679923
712 0.31616161616161614
713 0.25021494708994707
714 0.17769510582010584
715 0.29674272486772485
716 0.3417741402116402
717 0.3417741402116402
718 0.3642443783068783
719 0.26000330687830686
720 0.2447310405643739

Avg. value is: 0.2760406069074912
