1 0.2604166666666667
2 0.209375
3 0.2888888888888889
4 0.0788888888888889
5 0.13095238095238096
6 0.21696127946127944
7 0.17300785634118968
8 0.19047619047619047
9 0.31462962962962965
10 0.15
11 0.07999999999999999
12 0.08395061728395059
13 0.40170003607503607
14 0.2724747474747474
15 0.13888888888888887
16 0.2916666666666667
17 0.11324404761904762
18 0.045833333333333365
19 0.12313988095238096
20 0.19868326118326118
21 0.1273809523809524
22 0.2512893642305407
23 0.21787037037037038
24 0.23365600448933785
25 0.25925925925925924
26 0.14211309523809523
27 0.27170781893004115
28 0.2888888888888889
29 0.20383771929824562
30 0.39675925925925926
31 0.16666666666666666
32 0.15339506172839504
33 0.09788359788359788
34 0.2817708333333333
35 0.09248677248677248
36 0.275
37 0.206986531986532
38 0.06782407407407408
39 0.2222222222222222
40 0.15343915343915343
41 0.20094997594997596
42 0.07882653061224489
43 0.17825126262626262
44 0.18907407407407406
45 0.20999999999999996
46 0.3630555555555556
47 0.1740740740740741
48 1.0
49 0.42314814814814816
50 0.2092965367965368
51 0.25814265099979383
52 0.08024891774891774
53 0.07083333333333333
54 0.2954545454545454
55 0.307101771685105
56 0.18409090909090908
57 0.21666666666666665
58 0.16574074074074074
59 0.07083333333333332
60 0.23500000000000001
61 0.08395061728395059
62 0.2935185185185185
63 0.07989417989417988
64 0.20925925925925926
65 0.15620748299319726
66 0.08201058201058199
67 0.207010582010582
68 0.06904761904761904
69 0.28537414965986396
70 0.2222222222222222
71 0.34920634920634924
72 0.29166666666666663
73 0.15248640248640247
74 0.32976190476190476
75 0.06666666666666667
76 0.16488095238095238
77 0.24285714285714283
78 0.2081196581196581
79 0.44841269841269843
80 0.2023809523809524
81 0.44841269841269843
82 0.4325396825396825
83 0.43650793650793646
84 0.2855718355718356
85 0.2111111111111111
86 0.1388888888888889
87 0.1597222222222222
88 0.2103174603174603
89 0.4107638888888889
90 0.10370370370370369
91 0.18449074074074073
92 0.16481481481481483
93 0.2294973544973545
94 0.15208333333333332
95 0.31190476190476196
96 0.15666666666666665
97 0.22395833333333331
98 0.1875
99 0.32936507936507936
100 0.33867521367521364
101 0.3541666666666667
102 0.4398148148148148
103 0.1097222222222222
104 0.1972222222222222
105 0.32407407407407407
106 0.3861111111111111
107 0.5072115384615384
108 0.2965811965811966
109 0.3175925925925926
110 0.3833333333333333
111 0.1510683760683761
112 0.3196428571428572
113 0.4479166666666667
114 0.3388888888888889
115 0.30260861823361823
116 0.09364316239316238
117 0.2725694444444444
118 0.4131944444444444
119 0.42777777777777776
120 0.3444444444444445
121 1.0
122 0.28472222222222227
123 0.40079365079365076
124 0.11527777777777778
125 0.3888888888888889
126 0.3132716049382716
127 0.4304843304843305
128 0.42142857142857143
129 0.2822649572649573
130 0.13397435897435897
131 0.39195948084836973
132 0.40492979242979243
133 1.0
134 0.326010101010101
135 0.24043209876543212
136 0.25555555555555554
137 0.4209876543209876
138 0.28113189720332576
139 0.44682539682539685
140 0.21097883597883596
141 0.27622863247863244
142 0.1597222222222222
143 0.14126984126984127
144 0.21746031746031744
145 0.11121794871794871
146 0.22023809523809523
147 0.2156084656084656
148 0.3541666666666667
149 0.23958333333333331
150 0.16898148148148148
151 0.3333333333333333
152 0.4166666666666667
153 0.36574074074074076
154 0.44206487956487955
155 0.32881944444444444
156 0.27387566137566133
157 0.3555555555555555
158 0.3535037878787879
159 0.27212602212602216
160 0.3434343434343435
161 0.4398148148148148
162 0.35793650793650794
163 0.3611111111111111
164 0.4809027777777778
165 0.4066544566544566
166 0.31397306397306396
167 0.4161255411255412
168 0.2886054421768708
169 0.3645833333333333
170 0.4668465592378636
171 0.533048433048433
172 0.4641533679995219
173 0.36558441558441557
174 0.33944444444444444
175 0.40625
176 0.48194953194953194
177 0.4138888888888889
178 0.24444444444444446
179 0.38552188552188554
180 0.4018759018759019
181 0.2208422364672365
182 0.5092592592592593
183 0.24561624649859942
184 0.2333333333333333
185 0.2837037037037037
186 0.25451388888888893
187 0.31966490299823636
188 0.15185185185185188
189 0.5231240981240981
190 0.4505787037037037
191 0.26805555555555555
192 0.1619047619047619
193 0.06944444444444445
194 0.29944444444444446
195 0.08666666666666667
196 0.2874428811928812
197 0.1697007275132275
198 0.2823280423280423
199 0.09175685425685425
200 0.15658730158730158
201 0.11249999999999999
202 0.2783189033189033
203 0.17506105006105008
204 0.5277777777777777
205 0.3738425925925926
206 0.30846560846560844
207 0.19307760141093477
208 0.29008451865594725
209 0.33413729128014846
210 0.23767361111111113
211 0.43435374149659867
212 0.2857142857142857
213 0.3393518518518519
214 0.31635802469135804
215 0.35555555555555557
216 0.3457671957671957
217 0.10277777777777775
218 0.2029100529100529
219 0.1741402116402116
220 0.2785185185185185
221 0.2012962962962963
222 0.25385802469135804
223 0.5602309727309728
224 0.4481481481481482
225 0.14338624338624337
226 0.12142857142857143
227 0.31522633744855966
228 0.18439153439153436
229 0.1833333333333333
230 0.25123456790123455
231 0.08095238095238093
232 0.18359788359788357
233 0.24444444444444444
234 0.10879629629629628
235 0.2598765432098766
236 0.20096801346801343
237 0.18024691358024691
238 0.29166666666666663
239 0.3959259259259259
240 0.24947089947089948
241 0.3394871794871795
242 0.31124338624338627
243 0.40674603174603174
244 0.35351473922902493
245 0.4569696969696969
246 0.34329975579975586
247 0.32966439424772753
248 0.3919191919191919
249 0.3659171075837742
250 0.42658730158730157
251 1.0
252 1.0
253 0.19357638888888884
254 0.3144097222222222
255 0.3351851851851852
256 0.34074074074074073
257 0.1718855218855219
258 0.2333333333333333
259 0.37962962962962965
260 0.4056481481481482
261 0.34206349206349207
262 0.18407407407407406
263 0.3365740740740741
264 0.23935185185185182
265 0.3880952380952381
266 0.25202380952380954
267 0.2833333333333333
268 0.4055555555555556
269 0.2783730158730158
270 0.31111111111111106
271 0.15935846560846562
272 0.30452380952380953
273 0.47708333333333336
274 0.2683531746031746
275 0.10104166666666665
276 0.16587301587301587
277 0.2241036741036741
278 0.23428571428571426
279 0.25
280 0.375
281 0.30174603174603176
282 1.0
283 0.25707671957671957
284 0.34380952380952384
285 0.3234920634920635
286 0.34027777777777773
287 0.3599537037037037
288 0.2311111111111111
289 0.43809523809523804
290 0.42777777777777776
291 0.25666666666666665
292 0.16333333333333333
293 0.3166666666666667
294 0.4166666666666667
295 0.1896825396825397
296 0.19722222222222222
297 0.4465020576131688
298 0.2098765432098765
299 0.23177083333333331
300 0.32677469135802467
301 0.241358024691358
302 0.18
303 0.2916666666666667
304 0.4305555555555556
305 0.23888888888888887
306 0.24925925925925924
307 0.37345679012345684
308 0.26537330981775425
309 0.10949074074074072
310 0.34325396825396826
311 0.4571428571428572
312 0.3138888888888889
313 0.32638888888888895
314 0.2708333333333333
315 0.4576719576719576
316 0.08333333333333331
317 0.08333333333333331
318 0.2708333333333333
319 0.3958333333333333
320 0.15277777777777776
321 0.14999999999999997
322 0.08333333333333331
323 0.16333333333333333
324 0.16666666666666666
325 0.42744708994708996
326 0.1388888888888889
327 0.23055555555555557
328 0.3243371212121212
329 0.28333333333333327
330 0.40689300411522633
331 0.3266460905349794
332 0.16666666666666666
333 0.17658730158730157
334 0.1619047619047619
335 0.1875
336 0.29761904761904756
337 0.16912698412698413
338 0.27222222222222225
339 0.25
340 0.2916666666666667
341 0.2394179894179894
342 0.30746527777777777
343 0.23253968253968255
344 0.12786281179138317
345 0.19444444444444445
346 0.2511904761904762
347 0.34375
348 0.08333333333333331
349 0.43809523809523804
350 0.14814814814814814
351 0.2833333333333333
352 0.21666666666666665
353 0.23174603174603176
354 0.21719576719576716
355 0.34325396825396826
356 0.3441317941317941
357 0.1833333333333333
358 0.07666666666666665
359 0.34375
360 0.0759259259259259
361 0.3333333333333333
362 0.15277777777777776
363 0.2065972222222222
364 0.38657407407407407
365 0.2744534565963137
366 0.45530303030303027
367 0.2544191919191919
368 0.22888888888888892
369 0.31005892255892253
370 0.20703463203463207
371 0.3653198653198653
372 0.44100529100529096
373 0.3833333333333333
374 0.4666666666666666
375 0.29012345679012347
376 0.39440235690235687
377 0.24745370370370368
378 0.2853174603174603
379 0.11212922879589544
380 0.3339506172839506
381 0.15532407407407406
382 0.3402777777777778
383 0.1674074074074074
384 0.25092592592592594
385 0.3994708994708994
386 0.3255208333333333
387 0.437037037037037
388 0.29375661375661377
389 0.2222222222222222
390 0.37709750566893424
391 0.3955026455026455
392 0.4383333333333333
393 0.41428571428571426
394 0.4095238095238095
395 0.39583333333333337
396 0.2861111111111111
397 0.14305555555555555
398 0.15518353174603172
399 0.11388888888888887
400 0.3712962962962963
401 0.29166666666666663
402 0.2879088504088504
403 0.13078703703703703
404 0.26089291367069145
405 0.20833333333333331
406 0.3111111111111111
407 0.4732142857142857
408 0.35555555555555557
409 0.1824074074074074
410 0.22754629629629627
411 0.21005291005291002
412 0.27685185185185185
413 0.220679012345679
414 0.346875
415 0.20535714285714285
416 0.3600907029478458
417 0.2823412698412698
418 0.3078030303030303
419 0.3822278911564626
420 0.3333333333333333
421 0.3435185185185185
422 0.4623015873015873
423 0.2920531849103278
424 0.4078268953268953
425 0.21274250440917106
426 0.5023599086099086
427 0.2787037037037037
428 0.2542087542087543
429 0.4558641975308642
430 0.24999999999999997
431 0.40025252525252525
432 0.15396825396825395
433 0.20833333333333334
434 0.2476851851851852
435 0.4361111111111111
436 0.24829931972789113
437 0.3133680555555556
438 0.48127572016460907
439 0.38603762492651383
440 0.5050925925925925
441 0.27370370370370367
442 0.23657407407407405
443 0.20593348450491306
444 0.3125
445 0.24333333333333332
446 0.36234567901234566
447 0.14206349206349206
448 0.2652777777777777
449 0.24047619047619048
450 0.08333333333333331
451 0.29365079365079366
452 0.26646675084175087
453 0.42989417989417994
454 0.34579124579124576
455 0.4149305555555556
456 0.2770337301587301
457 0.33333333333333337
458 0.4000721500721501
459 0.24775641025641024
460 0.44150641025641024
461 0.38196969696969696
462 0.40064534231200893
463 0.4020061728395062
464 0.38492063492063494
465 0.2783128908128908
466 0.3191287878787879
467 0.27184343434343433
468 0.30022580300358076
469 0.33364478114478113
470 0.4311111111111111
471 0.39742063492063495
472 0.18472222222222223
473 0.4507936507936508
474 0.23978174603174598
475 0.3162878787878788
476 0.4623487623487623
477 0.2566358024691358
478 0.22133903133903138
479 0.2763888888888889
480 1.0
481 0.29768518518518516
482 0.19113756613756613
483 0.286976911976912
484 0.29834806397306396
485 0.17483766233766238
486 0.5225757575757577
487 0.1590151515151515
488 0.29797979797979796
489 0.2813973063973064
490 0.3305194805194805
491 0.40869755244755246
492 0.1696091524216524
493 0.29038461538461535
494 0.22117165242165243
495 0.38403846153846155
496 0.30814814814814817
497 0.2261904761904762
498 0.3925925925925926
499 0.26944444444444443
500 0.2207175925925926
501 0.20637400793650792
502 0.23287240537240533
503 0.25341286799620133
504 0.35648148148148145
505 0.3958333333333333
506 0.3484126984126984
507 0.2458333333333333
508 0.19821428571428568
509 0.11296296296296297
510 0.5456349206349207
511 0.629537037037037
512 0.14320987654320985
513 0.3130658436213991
514 0.2848148148148148
515 0.19367283950617284
516 0.3229166666666667
517 0.27523148148148147
518 0.417364785420341
519 0.3505291005291005
520 0.43620731120731115
521 0.42751122334455666
522 0.16626984126984126
523 0.2788095238095238
524 0.48203237734487736
525 0.22824074074074072
526 0.38292087542087544
527 0.4197180134680135
528 0.3047335600907029
529 0.41501262626262625
530 0.4233024691358025
531 0.3365720699054033
532 0.3082671957671958
533 0.13843537414965984
534 0.1935515873015873
535 0.4548611111111111
536 0.31319444444444444
537 0.39814814814814814
538 0.2944444444444445
539 0.3127777777777778
540 0.1866666666666667
541 0.32083333333333336
542 1.0
543 0.20694444444444446
544 0.3312997766122766
545 0.2403799903799904
546 0.4345238095238095
547 0.32499999999999996
548 0.45625
549 0.23353174603174603
550 0.33819444444444446
551 0.3145342312008979
552 0.34570707070707074
553 0.38312098255280075
554 0.3385416666666667
555 0.27083333333333337
556 0.2722222222222222
557 0.26499368686868685
558 0.2573232323232323
559 0.23977272727272728
560 0.42777777777777776
561 0.19917929292929296
562 0.28539562289562287
563 0.3017617303331589
564 0.14814814814814814
565 0.14931972789115644
566 0.2645215895215895
567 1.0
568 0.29440781440781444
569 0.2283170533170533
570 0.37083333333333335
571 0.18769841269841267
572 0.3844135802469136
573 0.34375
574 0.2018145434812101
575 0.35542929292929293
576 0.2598484848484848
577 0.1827651515151515
578 0.33730158730158727
579 0.38796296296296306
580 0.26521164021164023
581 0.4074074074074074
582 0.3325396825396826
583 0.2044252044252044
584 0.2928240740740741
585 0.2623015873015873
586 0.24603174603174602
587 0.20816670102384385
588 0.29935185185185187
589 0.3132716049382716
590 0.39285714285714285
591 0.4351851851851852
592 0.39375
593 0.2222222222222222
594 0.4333333333333333
595 0.3547348484848485
596 0.22153846153846155
597 0.2222222222222222
598 0.4502492877492878
599 0.12222222222222222
600 0.11787749287749287
601 0.395959595959596
602 0.2185897435897436
603 0.19722222222222222
604 0.3138888888888889
605 0.08518518518518517
606 0.42063492063492064
607 0.41964285714285715
608 0.14661935286935285
609 0.34611111111111115
610 0.5336052836052836
611 0.3666278166278166
612 0.24305555555555555
613 0.39400738150738146
614 0.3333333333333333
615 0.3680555555555556
616 0.38095238095238093
617 0.2761111111111111
618 0.2222222222222222
619 0.2222222222222222
620 0.15384615384615385
621 0.5505698005698005
622 0.4028133903133903
623 0.5344065656565656
624 0.20810185185185184
625 0.21064814814814814
626 0.1268518518518518
627 0.615079365079365
628 0.22479423868312753
629 0.22685185185185186
630 0.13703703703703704
631 0.26805555555555555
632 0.277014652014652
633 0.25
634 0.25952380952380955
635 0.27941595441595446
636 0.21108706108706105
637 0.16527777777777777
638 0.3559259259259259
639 0.251984126984127
640 1.0
641 1.0
642 1.0
643 1.0
644 1.0
645 1.0
646 1.0

Avg. value is: 0.3013375547105061
