1 0.19561965811965817
2 0.18737745098039216
3 0.45611111111111113
4 1.0
5 0.16309574684574682
6 0.2663235294117647
7 1.0
8 0.4166666666666667
9 0.3950617283950617
10 0.45092592592592595
11 0.24814814814814815
12 0.38425925925925924
13 0.4301234567901234
14 1.0
15 0.4259259259259259
16 0.4198067632850242
17 0.3261025432900433
18 0.15000000000000002
19 0.2629178691678692
20 0.3892857142857143
21 0.2894867037724181
22 0.3883333333333333
23 0.4305555555555556
24 0.45216049382716045
25 0.404320987654321
26 0.37001891665757214
27 0.46064814814814814
28 0.4552469135802469
29 1.0
30 1.0
31 0.2796296296296296
32 0.15555555555555556
33 0.44485144485144484
34 0.27237654320987653
35 0.3333333333333333
36 0.3456666666666667
37 0.17839635854341732
38 0.4243827160493827
39 1.0
40 0.38666666666666666
41 0.45451680672268907
42 0.3509863945578231
43 0.38208333333333333
44 0.3333333333333333
45 0.4291666666666667
46 1.0
47 0.44722222222222224
48 1.0
49 0.4412393162393162
50 0.4133333333333333
51 0.44666666666666666
52 0.32142857142857145
53 0.12166666666666665
54 1.0
55 1.0
56 1.0
57 1.0
58 1.0
59 0.4537037037037037
60 0.15154761904761904
61 0.2334377967711301
62 0.4034900284900285
63 0.3547619047619048
64 0.4122222222222222
65 0.45611111111111113
66 1.0
67 0.36926807760141095
68 0.27941176470588236
69 0.2119047619047619
70 1.0
71 1.0
72 0.42083333333333334
73 0.38611111111111107
74 0.2665087853323147
75 0.26851851851851855
76 0.42777777777777776
77 1.0
78 0.26851851851851855
79 1.0
80 0.2970779220779221
81 1.0
82 0.4404761904761905
83 0.4404761904761905
84 0.29427736006683375
85 0.42833333333333334
86 0.3308080808080808
87 1.0
88 0.16649413388543824
89 0.21875
90 0.3990740740740741
91 0.1375382901698691
92 0.41568627450980394
93 0.4294871794871795
94 0.4404761904761905
95 0.3422713529856387
96 0.26496336996336994
97 1.0
98 0.20238095238095238
99 0.2166254380540095
100 0.38580246913580246
101 1.0
102 0.45601851851851855
103 0.27
104 0.3611111111111111
105 0.4444444444444444
106 0.4166666666666667
107 0.3561430395913155
108 1.0
109 0.4361111111111111
110 1.0
111 0.40997770345596435
112 0.3806818181818182
113 0.4479166666666667
114 0.4022222222222222
115 0.4131944444444444
116 0.3263888888888889
117 0.2361111111111111
118 0.5698673363340546
119 0.28888888888888886
120 0.1183269476372925
121 1.0
122 0.1597465886939571
123 1.0
124 0.30972222222222223
125 0.4404761904761905
126 1.0
127 0.1785493827160494
128 1.0
129 0.5233686067019401
130 0.33796296296296297
131 0.4250685871056241
132 0.4218173639226271
133 1.0
134 0.4343434343434343
135 0.45216049382716045
136 0.425
137 0.46419753086419757
138 0.3730880230880231
139 0.32297008547008543
140 0.4253968253968254
141 0.2677885189163384
142 0.32916666666666666
143 0.4166666666666667
144 0.3269230769230769
145 0.3269230769230769
146 0.3263888888888889
147 0.22278338945005613
148 0.11666666666666665
149 0.38027777777777777
150 0.45502645502645506
151 1.0
152 1.0
153 0.3902777777777778
154 0.3416666666666667
155 0.399537037037037
156 1.0
157 1.0
158 1.0
159 1.0
160 1.0
161 1.0
162 0.37806487493987495
163 0.4333333333333333
164 1.0
165 0.2569444444444444
166 0.40539721869609086
167 0.41774891774891776
168 1.0
169 1.0
170 0.36
171 0.24074074074074076
172 1.0
173 1.0
174 1.0
175 1.0
176 0.23333333333333336
177 0.3619318181818182
178 0.31690900944933204
179 1.0
180 1.0
181 0.2568376068376068
182 0.2507716049382716
183 0.3515366710584102
184 0.43117283950617286
185 1.0
186 1.0
187 0.393939393939394
188 0.32582417582417583
189 0.45833333333333337
190 0.3796296296296296
191 1.0
192 0.4107433571719286
193 0.3958333333333333
194 0.39444444444444443
195 0.29754578754578753
196 0.31412112193362196
197 0.35973239723239725
198 0.2476068376068376
199 0.3668328584995251
200 0.29223646723646723
201 0.3958333333333333
202 0.435515873015873
203 0.4626984126984127
204 0.23244047619047617
205 0.4224773242630385
206 0.17355006105006104
207 0.4165598290598291
208 0.4055335097001764
209 0.4600340136054422
210 0.46577380952380953
211 0.29712301587301587
212 0.2976190476190476
213 0.4216820987654321
214 0.46319444444444446
215 0.5628052503052503
216 1.0
217 0.4305555555555556
218 0.3007936507936508
219 0.38425925925925924
220 0.25324074074074077
221 0.38397337429595496
222 0.24490740740740743
223 0.5411538461538461
224 0.4481481481481482
225 0.22252747252747254
226 0.46031746031746035
227 0.3378860287462438
228 0.3148148148148148
229 0.16666666666666669
230 0.325
231 0.21904761904761902
232 0.36273448773448774
233 0.3611111111111111
234 0.21944444444444441
235 0.1963200379867047
236 0.3865740740740741
237 1.0
238 0.3958333333333333
239 0.14819865319865316
240 0.08333333333333331
241 0.39388528138528134
242 0.2697422947422947
243 0.30741561306077436
244 0.46661193212917357
245 1.0
246 1.0
247 0.335923721340388
248 1.0
249 0.2970213337860397
250 1.0
251 0.4203042328042328
252 0.4166666666666667
253 0.24206349206349206
254 0.18222222222222223
255 0.28719135802469137
256 1.0
257 0.30864197530864196
258 0.3821428571428571
259 0.30105218855218857
260 1.0
261 0.4023232323232323
262 0.22569444444444442
263 0.3942495126705653
264 0.4366666666666667
265 1.0
266 0.4533333333333333
267 0.4667919799498747
268 0.44722222222222224
269 0.368452380952381
270 0.4366666666666667
271 0.4324074074074074
272 0.4685340802987862
273 0.49046840958605664
274 0.20931372549019606
275 0.39166666666666666
276 0.24880174291938997
277 0.3930632859204288
278 0.2886666666666667
279 0.2830510992275698
280 1.0
281 1.0
282 1.0
283 0.4013528138528139
284 0.43676470588235294
285 0.14249639249639248
286 0.4398148148148148
287 1.0
288 0.44523809523809527
289 0.39675324675324675
290 0.4058838383838384
291 0.4166666666666667
292 1.0
293 1.0
294 1.0
295 0.45436507936507936
296 0.44761904761904764
297 0.34111111111111114
298 0.22222222222222218
299 0.42142857142857143
300 0.3215909090909091
301 0.3683695476421465
302 1.0
303 0.45208333333333334
304 0.44722222222222224
305 0.38746438746438744
306 0.42074074074074075
307 0.30698005698005704
308 0.45710667932890153
309 0.40170565302144245
310 0.43310185185185185
311 0.35555555555555557
312 0.3123456790123457
313 0.37552552552552554
314 0.4351190476190476
315 0.3114676788589832
316 0.3284313725490196
317 0.25646464646464645
318 0.4166666666666667
319 0.4083333333333333
320 0.30833333333333335
321 0.37971014492753624
322 0.1812091503267974
323 0.20666666666666664
324 0.35333333333333333
325 0.46031746031746035
326 0.27662037037037035
327 0.3875
328 0.1628472222222222
329 0.3958333333333333
330 0.31990740740740736
331 0.22703081232492997
332 0.2782051282051282
333 0.325
334 0.4027777777777778
335 0.23965201465201463
336 0.24953703703703703
337 0.2470899470899471
338 0.42824074074074076
339 0.35
340 0.4640700483091787
341 0.31322751322751324
342 1.0
343 0.3324929971988796
344 0.27464096749811034
345 0.3121141975308642
346 0.2527596223674655
347 0.4604166666666667
348 0.3638888888888889
349 0.4708333333333333
350 0.45
351 0.25555555555555554
352 0.3611111111111111
353 0.30043290043290044
354 0.4421212121212121
355 0.28253968253968254
356 0.3544595616024187
357 0.35833333333333334
358 0.28814814814814815
359 0.25822109988776654
360 0.38148148148148153
361 1.0
362 0.31517094017094016
363 0.4604166666666667
364 1.0
365 0.40733392122281015
366 1.0
367 0.3611111111111111
368 0.29634920634920636
369 0.3659722222222222
370 1.0
371 0.3898809523809524
372 0.42658730158730157
373 0.15625
374 0.3476307189542484
375 0.3597222222222222
376 1.0
377 1.0
378 0.44485144485144484
379 0.38395061728395063
380 0.4513888888888889
381 0.30732863779738784
382 0.30158730158730157
383 0.13499440374440375
384 0.4553376906318083
385 0.45412457912457915
386 0.4154040404040404
387 1.0
388 0.5091564715477759
389 1.0
390 1.0
391 1.0
392 0.42770562770562776
393 1.0
394 0.39444444444444443
395 0.3761337868480726
396 0.3611111111111111
397 0.38441558441558443
398 0.4149305555555556
399 0.2303075396825397
400 0.41060606060606053
401 0.5367272727272727
402 0.4268518518518518
403 0.369724025974026
404 0.46553497942386834
405 0.4055555555555556
406 0.4598364598364598
407 0.471655701754386
408 0.4361111111111111
409 0.2398478835978836
410 1.0
411 0.38117283950617287
412 0.4404761904761905
413 0.24052028218694885
414 0.42248677248677247
415 0.16176739926739928
416 0.24583333333333335
417 0.32069444444444445
418 1.0
419 1.0
420 1.0
421 0.4012345679012346
422 1.0
423 0.2982526343870882
424 0.21370370370370367
425 0.17497761497761494
426 0.21388888888888888
427 1.0
428 0.33585858585858586
429 0.31923076923076926
430 0.3807081807081807
431 0.31376262626262624
432 0.17205988455988455
433 0.33796296296296297
434 0.3171296296296296
435 0.37222222222222223
436 0.31402691511387165
437 0.27835676867934933
438 0.3273662551440329
439 0.29484126984126985
440 0.2755050505050505
441 0.1527777777777778
442 0.2636243386243386
443 0.26112256350351587
444 0.4063492063492064
445 0.32666666666666666
446 0.4037037037037037
447 0.22953514739229025
448 0.34259259259259256
449 0.2693783068783069
450 0.1984126984126984
451 1.0
452 0.4672067901234568
453 1.0
454 1.0
455 0.3809070548712206
456 1.0
457 1.0
458 1.0
459 0.2740740740740741
460 0.5211363636363637
461 0.28809523809523807
462 0.37023809523809526
463 0.444551282051282
464 0.22916666666666666
465 0.3442949570400551
466 0.4454365079365079
467 0.43383838383838386
468 0.44261129816685374
469 0.44199430199430195
470 1.0
471 1.0
472 1.0
473 1.0
474 0.44607843137254904
475 0.45555555555555555
476 0.22673984468339312
477 0.44876543209876546
478 0.4522222222222222
479 0.4138888888888889
480 1.0
481 0.42777777777777776
482 1.0
483 0.37857142857142856
484 1.0
485 0.3872139764996908
486 0.3737373737373737
487 0.44757575757575757
488 0.37371031746031746
489 0.3185714285714286
490 0.3768925752119029
491 0.457070707070707
492 0.45856735856735853
493 0.39544477513227516
494 0.38878968253968255
495 0.32735042735042735
496 0.4444444444444445
497 0.28043478260869564
498 0.3385185185185185
499 0.35277777777777775
500 0.2535714285714286
501 0.29166666666666663
502 0.32139550264550265
503 0.3854166666666667
504 1.0
505 0.5556186868686869
506 0.3958333333333333
507 0.38571428571428573
508 0.42793040293040296
509 0.3622222222222222
510 0.22767094017094017
511 0.5665242165242165
512 0.40886582553249223
513 0.4027777777777778
514 0.3263888888888889
515 0.4305555555555556
516 0.46380471380471383
517 1.0
518 0.31525974025974024
519 0.30782828282828284
520 0.18425925925925926
521 0.28414702581369244
522 0.38287037037037036
523 0.44333333333333336
524 0.42102272727272727
525 1.0
526 0.4285009963581392
527 0.32926647426647426
528 1.0
529 1.0
530 0.4074074074074074
531 0.4722222222222222
532 0.447979797979798
533 0.3560915275200989
534 1.0
535 1.0
536 0.43680555555555556
537 0.45679012345679015
538 0.37555555555555553
539 0.4222222222222222
540 0.43888888888888894
541 0.38472222222222224
542 1.0
543 1.0
544 0.3592592592592592
545 1.0
546 0.3680555555555556
547 0.08333333333333331
548 0.42549603174603173
549 1.0
550 0.41592261904761907
551 0.46913580246913583
552 0.4295634920634921
553 1.0
554 1.0
555 1.0
556 0.4014739229024943
557 0.4604166666666667
558 0.4166666666666667
559 0.3731481481481482
560 0.26606060606060605
561 0.4548611111111111
562 0.37202380952380953
563 0.21834554334554332
564 0.44722222222222224
565 0.304029304029304
566 0.4366666666666667
567 0.276984126984127
568 0.26823361823361824
569 0.4574404761904762
570 0.3083333333333333
571 0.2208180708180708
572 0.46419753086419757
573 0.345195374800638
574 0.24014006826506826
575 0.4337121212121212
576 0.2697530864197531
577 0.34471153846153846
578 0.28055555555555556
579 0.3680555555555556
580 0.3666666666666667
581 0.442041878479787
582 0.45405982905982906
583 0.4188586545729403
584 0.39006401171579747
585 0.35973748473748474
586 0.31359126984126984
587 0.3891093474426808
588 0.23717948717948723
589 1.0
590 0.4404761904761905
591 1.0
592 0.4479166666666667
593 0.3611111111111111
594 0.45436507936507936
595 0.4479166666666667
596 0.3333333333333333
597 1.0
598 0.1829805996472663
599 0.35555555555555557
600 0.2388888888888889
601 1.0
602 0.4050925925925926
603 0.11388888888888889
604 0.4073005698005698
605 0.08333333333333331
606 1.0
607 1.0
608 0.41087962962962965
609 0.4034900284900285
610 0.42992424242424243
611 0.38051587301587303
612 0.40925925925925927
613 0.41047008547008546
614 1.0
615 1.0
616 1.0
617 1.0
618 1.0
619 1.0
620 0.23148148148148145
621 0.5961538461538461
622 0.23302469135802464
623 0.5666666666666667
624 0.29583333333333334
625 0.3611111111111111
626 0.33719474969474966
627 0.5
628 0.18501251834585167
629 0.23888888888888893
630 0.41522092267706306
631 0.3832236842105263
632 0.3586111111111111
633 1.0
634 0.18946608946608948
635 0.39544753086419754
636 0.31203703703703706
637 0.35833333333333334
638 0.4404166666666667
639 1.0
640 1.0
641 1.0
642 1.0
643 1.0
644 1.0
645 1.0
646 1.0

Avg. value is: 0.48686361545919954
