1 0.41690476190476194
2 0.1600961538461539
3 0.3859649122807018
4 0.22111111111111112
5 0.23650644468313642
6 0.18284391534391528
7 0.14724511599511603
8 0.38
9 0.11396011396011402
10 0.2844907407407407
11 0.24555555555555558
12 0.22860195360195365
13 0.3111111111111111
14 0.4063492063492064
15 0.40026167471819646
16 0.3921957671957672
17 0.22616978609625668
18 0.39431835952771915
19 0.39131944444444444
20 0.3238095238095238
21 0.35221560846560845
22 0.3146428571428571
23 0.22022792022792026
24 0.20971568114425262
25 0.39444444444444443
26 0.21299208603896105
27 0.3510845507373285
28 0.33309718830552165
29 0.27708333333333335
30 0.2104700854700855
31 0.298051948051948
32 0.200942575942576
33 0.31527035056446817
34 0.3714507714507715
35 0.41203241203241203
36 0.2416666666666667
37 0.3906538961363523
38 0.3888888888888889
39 0.23896011396011402
40 0.26649342373026585
41 0.17821130588987735
42 0.12946364151721296
43 0.2748842592592593
44 0.30213648785077357
45 0.3561094576719577
46 0.4450793650793651
47 0.2683760683760684
48 1.0
49 0.5185185185185185
50 0.22968253968253965
51 0.14042735042735047
52 0.2927818096935744
53 0.21228070175438596
54 0.23130238555770471
55 0.19472934472934475
56 0.3342857142857143
57 0.3611111111111111
58 0.21111035954785953
59 0.3773148148148148
60 0.33539560439560445
61 0.24264007597340934
62 0.28837606837606844
63 0.269167458056347
64 0.31603528050896473
65 0.22266265712380998
66 0.26849180911680914
67 0.4305555555555556
68 0.2955687830687831
69 0.22070105820105818
70 0.16666666666666666
71 0.38110902255639095
72 0.3112373737373737
73 0.27351641414141414
74 0.2799432049432049
75 0.214031339031339
76 0.2916726791726792
77 0.3261904761904762
78 0.38117283950617287
79 0.3659147869674185
80 0.2566993191993192
81 0.43650793650793646
82 0.4404761904761905
83 0.39644746787603935
84 0.44058641975308643
85 0.13787878787878788
86 0.20596205962059622
87 0.29166666666666663
88 0.27973406908592086
89 0.41701839826839826
90 0.35555555555555557
91 0.18927325358484778
92 0.23835978835978835
93 0.2703703703703704
94 0.18116883116883115
95 0.39999999999999997
96 0.26555555555555554
97 0.21726190476190477
98 0.3214285714285714
99 0.354978354978355
100 1.0
101 0.24621212121212122
102 0.33080808080808083
103 0.36492153679653677
104 0.30140692640692635
105 0.28787878787878785
106 0.29519496204278817
107 0.2506944444444445
108 0.30592592592592593
109 0.4458333333333333
110 0.34285714285714286
111 0.34216126063952146
112 0.3016098484848485
113 0.4145833333333333
114 0.33414702581369243
115 0.3605076058201058
116 0.21750165343915345
117 0.49307359307359316
118 0.3622159090909091
119 0.30833333333333335
120 0.29649470899470903
121 1.0
122 0.3611111111111111
123 0.47168109668109665
124 0.29332801701222755
125 0.3066378066378066
126 0.2916666666666667
127 0.44058641975308643
128 0.46071428571428574
129 0.4212962962962963
130 1.0
131 1.0
132 0.44343711843711847
133 1.0
134 0.38746556473829197
135 0.4423444686516582
136 0.2659271284271284
137 0.44320987654320987
138 0.2459458530887102
139 0.45491822991822994
140 0.34116053783173345
141 0.2833102250270925
142 0.5025515542537018
143 0.4004923574368019
144 0.4182539682539682
145 0.16180555555555554
146 0.253968253968254
147 0.3092403628117914
148 0.38047619047619047
149 0.2225215517241379
150 0.25756448412698413
151 0.3912592592592593
152 0.3472222222222222
153 0.5666666666666667
154 0.6099607182940515
155 0.3308080808080808
156 0.20400326797385623
157 0.296969696969697
158 0.2036135161135161
159 0.2892255892255892
160 0.4424242424242424
161 0.4436026936026936
162 0.2351475279106858
163 0.2303030303030303
164 0.5313852813852813
165 0.37683531746031745
166 0.15282859078590783
167 0.4623376623376623
168 0.41082251082251087
169 0.3328282828282828
170 0.32441520467836266
171 0.5011495911495911
172 0.21710157126823793
173 0.35746207573938665
174 0.19855699855699852
175 1.0
176 0.37828548644338117
177 0.4439213564213564
178 0.3738117784992785
179 0.2877525252525252
180 0.31807359307359306
181 1.0
182 0.45472222222222225
183 0.24696969696969698
184 0.38117283950617287
185 0.2947451963241437
186 0.30600961538461535
187 0.41083877995642704
188 1.0
189 0.25922619047619044
190 0.4182098765432099
191 0.34813396480063147
192 0.26417361816521484
193 0.2242063492063492
194 0.2716049382716049
195 0.37777777777777777
196 0.385248891223156
197 0.32372812372812376
198 0.38101851851851853
199 0.2728432061765395
200 0.18931420431420437
201 0.28425925925925927
202 0.430019305019305
203 0.4153540903540903
204 0.35416666666666663
205 0.36111111111111116
206 0.34663715913715915
207 0.30449735449735454
208 0.36867283950617286
209 0.3065467601181887
210 0.3444940476190476
211 0.4896416900093371
212 0.3609098228663446
213 0.2662037037037037
214 0.34995490620490616
215 0.44438686585745407
216 0.3642876221001221
217 0.41212494376968056
218 0.3101110529681958
219 0.23423983423983427
220 0.2726185851185851
221 0.3587037037037037
222 0.2828144078144078
223 0.5548992673992673
224 1.0
225 0.10520960520960528
226 0.1646062271062271
227 0.2439696106362773
228 0.20652218152218157
229 0.36511104015893286
230 0.427707212197953
231 0.2346938775510204
232 0.28497986961151217
233 0.3171274038461539
234 0.21157407407407405
235 0.24264007597340934
236 0.2783704390847248
237 0.3787001424501425
238 0.23680555555555555
239 1.0
240 0.26730019493177387
241 0.43583333333333335
242 0.33080808080808083
243 0.3635416666666667
244 0.25965521251235535
245 0.3304761904761905
246 1.0
247 0.1590631590631591
248 0.41360544217687073
249 0.24668040293040297
250 0.3167989417989418
251 0.3524933862433862
252 0.3365410052910053
253 0.25575396825396823
254 0.266494708994709
255 0.43806584362139916
256 0.417283950617284
257 0.3639550264550265
258 0.35846560846560843
259 0.5248842592592593
260 0.5036484714116293
261 0.3177743271221532
262 0.4047555453805454
263 0.3683127572016461
264 0.3983333333333333
265 0.43809523809523804
266 0.3488888888888889
267 0.41082621082621085
268 0.4108796296296296
269 0.3795751633986928
270 0.26361111111111113
271 0.24709733893557423
272 0.2732084500466853
273 0.5267450142450142
274 0.38612914862914866
275 0.3285954785954786
276 0.23849206349206345
277 0.2586654535551594
278 0.3943333333333333
279 0.4273520923520923
280 0.30281408859840236
281 0.24893246187363838
282 0.37407407407407406
283 0.3271747587924059
284 0.25077985739750447
285 0.12326486150015563
286 0.3275925925925926
287 0.22156084656084654
288 0.3354995331465919
289 0.31150793650793646
290 0.3114439431512602
291 0.3488888888888889
292 0.3173255107465634
293 0.3666666666666667
294 0.2827777777777778
295 0.40476190476190477
296 0.2477777777777778
297 0.23222222222222225
298 0.2750505050505051
299 0.33538359788359784
300 0.303994708994709
301 0.2891534391534391
302 0.26319444444444445
303 0.3152116402116402
304 0.35555555555555557
305 0.3825468648998061
306 0.3543650793650793
307 0.467877492877493
308 0.3210554877221544
309 0.17079592520768994
310 1.0
311 0.35888428461243993
312 0.21296296296296302
313 0.4060526315789474
314 0.49503459503459507
315 0.5041215728715729
316 0.2534920634920635
317 0.204265873015873
318 0.23485449735449734
319 0.3770833333333333
320 1.0
321 0.25711669283097854
322 0.2501984126984127
323 0.3592592592592593
324 0.35333333333333333
325 0.3387471655328798
326 0.22163299663299663
327 0.31009259259259264
328 0.3958333333333333
329 0.3522823944392572
330 0.4021537104870438
331 0.3488839285714286
332 0.13274509803921566
333 0.21645299145299146
334 0.2674963924963925
335 0.23294428882664178
336 0.49030303030303035
337 0.362962962962963
338 0.3490740740740741
339 0.32453703703703707
340 0.32037927350427353
341 0.2816912972085386
342 0.3633467672783399
343 0.35672268907563026
344 0.22989417989417987
345 0.19814814814814818
346 0.3134077705156137
347 0.27392710170487944
348 0.248356581689915
349 0.48611111111111116
350 0.37507936507936507
351 0.28952991452991456
352 0.3474033816425121
353 0.30939280301492583
354 0.34948092031425365
355 0.304397610107873
356 0.3519907407407407
357 0.4180737109658678
358 0.3144444444444444
359 0.3019360269360269
360 0.35833333333333334
361 0.2748605334389648
362 0.3406862745098039
363 1.0
364 0.3888888888888889
365 0.39814814814814814
366 0.3244047619047619
367 0.3859649122807018
368 0.44523809523809527
369 0.462202380952381
370 0.28773448773448773
371 0.2831890331890332
372 0.2574871116537783
373 0.5112270126637942
374 0.4590277777777778
375 0.43397435897435893
376 0.3575744917850181
377 0.1478395061728395
378 0.1616082330368045
379 0.2715947632614299
380 0.2334220012791442
381 0.36125841750841753
382 0.3178571428571429
383 0.2863306848814095
384 0.2265099715099715
385 0.35762962962962963
386 0.36918402777777776
387 0.22216329966329962
388 0.35042270531400965
389 0.3501249265138154
390 0.3963369963369963
391 0.46164021164021163
392 0.2342857142857143
393 0.30234962406015037
394 0.34427873713588
395 0.35088063961216676
396 0.3474264705882353
397 0.31604084321475623
398 0.3014520202020202
399 0.2916666666666667
400 0.341969696969697
401 0.3958333333333333
402 0.44025141525141526
403 0.30953670407903816
404 0.3599420127197905
405 0.3111111111111111
406 0.43796296296296294
407 0.4100840132090132
408 0.44074074074074077
409 0.21319444444444438
410 0.3535714285714286
411 0.269744008714597
412 0.30434173669467784
413 0.28425925925925927
414 0.35413660413660414
415 1.0
416 0.37361111111111117
417 0.39413308913308914
418 0.35634615384615387
419 0.2721749811035526
420 0.2001960784313726
421 0.41111111111111115
422 0.3670634920634921
423 0.3128270538984825
424 0.45506349710895155
425 0.23092592592592592
426 0.4569805194805195
427 0.20476190476190478
428 0.26127344877344877
429 0.3707051282051282
430 0.20537551440329213
431 0.38127705627705627
432 0.4404761904761905
433 0.38425925925925924
434 0.24603174603174605
435 0.3325571895424837
436 0.15273892773892767
437 0.2701569264069264
438 0.40740740740740744
439 0.2308333333333333
440 0.49402958152958154
441 0.3340077243018419
442 0.17612433862433863
443 0.3075517075517075
444 0.40645743145743146
445 0.38
446 0.4583333333333333
447 0.22159863945578231
448 0.21006944444444442
449 0.41617063492063494
450 0.1765873015873016
451 0.28771845438512106
452 0.2881295787545788
453 0.43418367346938774
454 0.40246031746031746
455 0.412593984962406
456 0.37815656565656564
457 0.4261846405228758
458 0.38481240981240983
459 0.3286458333333333
460 0.36388888888888893
461 0.45568542568542564
462 0.3267195767195767
463 0.571478243978244
464 0.2928703703703704
465 0.3249549651510436
466 0.4898787419008007
467 0.3681773972215149
468 0.38913410482037936
469 0.32954415954415955
470 0.37342995169082127
471 1.0
472 0.5798486207348437
473 0.45
474 0.2607159507159507
475 0.2822991822991823
476 0.27037037037037037
477 0.4010802469135803
478 0.3964102564102564
479 1.0
480 0.329023199023199
481 0.2454929193899782
482 0.3211375661375661
483 0.3469215969215969
484 0.37670454545454546
485 0.25229334157905586
486 0.409652076318743
487 0.31053872053872056
488 0.3259424603174603
489 0.40634920634920635
490 0.4240981240981241
491 0.4574354657687991
492 0.346464183964184
493 0.4339864417989418
494 0.3076388888888889
495 0.23944681861348527
496 0.2723036223036223
497 0.44514005602240897
498 0.3972222222222222
499 0.19993464052287582
500 0.2815876838064661
501 0.2262882492178158
502 0.2899305555555556
503 0.41609898589065253
504 0.4634259259259259
505 0.5287878787878788
506 0.2684552538964303
507 0.2555937118437118
508 0.2697250666000666
509 0.3914303129820372
510 0.46923076923076923
511 0.7102475229926211
512 0.30963827838827834
513 0.46111111111111114
514 0.328125
515 0.2055831128747795
516 0.4583333333333333
517 0.15259971509971515
518 0.2534126984126984
519 0.34399230399230396
520 0.15115039281705947
521 0.18807550474217138
522 0.29358465608465606
523 0.40014172335600906
524 0.2500270562770563
525 0.28686768478435143
526 0.44411296549454443
527 0.2801924001924002
528 0.4115410052910053
529 0.41387205387205384
530 0.32050665383998717
531 0.3425550884586142
532 0.39037698412698413
533 0.26210194222616584
534 0.4130917571707046
535 0.28301767676767675
536 0.2754585326953748
537 0.4195601851851852
538 0.3114638447971782
539 0.39675925925925926
540 0.19396825396825398
541 0.39880952380952384
542 0.5203425867850974
543 0.25132600132600136
544 0.31487493987493986
545 0.35462962962962963
546 0.39694564694564693
547 0.2962962962962963
548 0.35079365079365077
549 0.2541383219954648
550 0.38177083333333334
551 1.0
552 0.2969990079365079
553 0.37157287157287155
554 0.3093671085858586
555 0.4431818181818182
556 0.2479385693671408
557 0.4479166666666667
558 0.33217377860235003
559 0.2822250280583614
560 0.2529478458049887
561 0.16221941638608306
562 0.46676215940921817
563 0.40576923076923077
564 0.2967171717171717
565 0.19146964146964146
566 0.29265826765826763
567 0.4592352092352092
568 0.23703703703703702
569 0.21010725385725385
570 0.28206654456654456
571 0.24037698412698413
572 0.2840307840307841
573 0.17115500240500245
574 0.1928503787878788
575 0.2320785984848485
576 0.17914462081128746
577 0.27543264027639025
578 0.3311111111111111
579 0.2017623716153128
580 0.37513227513227515
581 0.3092523429124736
582 0.34701178451178455
583 0.36810279667422524
584 0.3654196729196729
585 1.0
586 0.45499999999999996
587 0.2570248469758274
588 0.36461737472766886
589 0.39905002405002404
590 0.3556547619047619
591 0.3464285714285714
592 0.39375
593 0.45628561253561256
594 0.3587962962962963
595 0.33468501984126986
596 0.3088793922127256
597 0.22650807989561375
598 0.5826163651163652
599 1.0
600 0.30528083028083025
601 0.4496031746031746
602 0.4248066748066749
603 0.4366666666666667
604 0.16568627450980392
605 0.338509420862362
606 0.45988502238502244
607 0.45982142857142855
608 0.3406084656084656
609 0.2970416157916158
610 0.3446657046657047
611 0.28117376775271513
612 0.2888888888888889
613 0.3070283882783883
614 0.4397435897435898
615 0.42467948717948717
616 0.45833333333333337
617 0.32084795321637427
618 0.39444444444444443
619 0.39444444444444443
620 0.4791666666666667
621 0.5527777777777778
622 0.4243615984405459
623 0.6216647770219199
624 0.3446969696969697
625 0.20187601356332008
626 0.19114349351541002
627 0.6130718954248366
628 0.4228395061728395
629 0.24073438135938133
630 0.34449408616075283
631 0.3303075396825397
632 0.2712962962962963
633 0.14285714285714285
634 0.2892368058334445
635 0.4081018518518518
636 0.4537037037037037
637 0.2898148148148148
638 0.3706232492997199
639 0.30716175359032505
640 1.0
641 1.0
642 1.0
643 1.0
644 1.0
645 1.0
646 1.0

Avg. value is: 0.3597367476803162
