1 0.5277255639097744
2 0.2965277777777778
3 0.34969135802469137
4 0.4473484848484849
5 0.16964285714285715
6 0.3364835164835165
7 0.17277777777777778
8 1.0
9 0.3617063492063492
10 0.39151234567901233
11 0.4552380952380952
12 0.3661265432098766
13 0.30564102564102563
14 0.3396011396011396
15 0.3107142857142857
16 0.1897435897435897
17 0.30493025493025494
18 0.2994660894660895
19 0.37916666666666665
20 0.2286172161172161
21 0.4095238095238095
22 0.225982905982906
23 0.22740740740740742
24 0.3120489078822412
25 1.0
26 0.17239010989010992
27 0.2891975308641975
28 0.3137766554433221
29 0.12291666666666667
30 0.4305555555555556
31 0.33923611111111107
32 0.3587962962962963
33 0.2942005621693122
34 0.28898809523809527
35 0.4444444444444445
36 0.325
37 0.35173611111111114
38 0.3142361111111111
39 0.3148148148148148
40 0.2451388888888889
41 0.34513888888888894
42 0.16845238095238096
43 0.4661458333333333
44 0.40940756774090103
45 0.44412878787878785
46 0.4488888888888889
47 0.3314814814814815
48 1.0
49 1.0
50 0.22987179487179485
51 0.3547435897435897
52 0.2091630591630592
53 0.13541666666666666
54 1.0
55 0.399537037037037
56 0.2574358974358974
57 0.2351851851851852
58 0.2731481481481482
59 0.3541666666666667
60 0.30486111111111114
61 0.40740740740740744
62 0.2916666666666667
63 0.31322751322751324
64 0.4060019841269842
65 0.2503968253968254
66 0.3678571428571429
67 0.3783846872082166
68 0.3242857142857143
69 0.24821428571428575
70 1.0
71 0.4440035273368607
72 0.36574074074074076
73 0.5259518259518259
74 0.3406685906685906
75 0.511248852157943
76 0.18333333333333335
77 0.15714285714285717
78 0.3703703703703704
79 0.45873015873015877
80 0.39197530864197533
81 0.44812925170068024
82 0.3860544217687075
83 0.4126984126984127
84 0.4366830065359477
85 0.43095238095238103
86 0.6355555555555557
87 0.36111111111111116
88 0.23793749383811497
89 0.4406462585034014
90 0.35648148148148145
91 0.4254079010657959
92 0.3422173890923891
93 0.36574074074074076
94 0.43147321428571433
95 0.41744614512471656
96 0.4366666666666667
97 0.43194444444444446
98 0.4608516483516484
99 1.0
100 0.468954248366013
101 0.3027777777777778
102 0.3074074074074074
103 0.3305555555555556
104 0.1827777777777778
105 0.2777777777777778
106 0.3410714285714286
107 0.4435592185592186
108 0.33999999999999997
109 0.4458333333333333
110 0.36888888888888893
111 0.3843839892859501
112 0.4395833333333333
113 0.4523809523809524
114 0.3783730158730159
115 0.3542483660130719
116 0.2852328431372549
117 0.3638888888888889
118 0.29247198879551817
119 1.0
120 0.363425925925926
121 1.0
122 0.41111111111111115
123 0.30952380952380953
124 0.3383333333333334
125 0.42698412698412697
126 0.32592592592592595
127 0.4366830065359477
128 0.4609126984126984
129 0.4212962962962963
130 0.37336601307189543
131 0.4859295570079884
132 0.4811050061050061
133 1.0
134 0.4767676767676768
135 0.2938271604938271
136 0.33918650793650795
137 0.2422398589065256
138 0.2883219954648526
139 0.23055555555555557
140 0.25722222222222224
141 0.544963210978836
142 0.420679012345679
143 0.3799603174603175
144 0.40941697191697196
145 0.5326617826617827
146 0.46273964131106987
147 0.41384680134680135
148 0.44668803418803427
149 0.29311342592592593
150 0.24900793650793654
151 0.4592592592592593
152 0.4305555555555556
153 1.0
154 1.0
155 0.43125
156 1.0
157 0.31428571428571433
158 0.5144420394420394
159 0.3606150793650794
160 0.4450757575757576
161 0.45286195286195285
162 0.29583333333333334
163 0.3977777777777778
164 0.38492063492063494
165 0.5067521367521367
166 0.16220238095238096
167 0.46071428571428574
168 0.3870748299319728
169 0.36493055555555554
170 0.5819854250460869
171 0.6687550322061192
172 0.39974576077517254
173 0.36165223665223667
174 0.30277777777777776
175 1.0
176 0.3736111111111111
177 0.4480555555555556
178 1.0
179 0.2555555555555556
180 0.42976190476190473
181 1.0
182 0.5641975308641975
183 0.5121082621082622
184 0.5539021164021164
185 0.45166666666666666
186 0.336574074074074
187 0.18691154524487855
188 0.3055555555555555
189 0.35416666666666663
190 0.15564373897707232
191 0.41358024691358025
192 0.24603174603174607
193 0.23333333333333334
194 0.44666666666666666
195 0.2122720797720798
196 1.0
197 0.4220630559916274
198 0.3993589743589744
199 0.23548029902196574
200 0.2782407407407408
201 0.3377441077441078
202 0.35350529100529104
203 0.3380647130647131
204 0.35416666666666663
205 0.23040674603174605
206 0.3508658008658009
207 0.466820987654321
208 1.0
209 0.4364117364117364
210 0.26842948717948717
211 0.4414210128495843
212 0.5862408998687194
213 0.27651515151515144
214 0.4513888888888889
215 0.4
216 0.4
217 0.4513888888888889
218 0.313462000962001
219 0.3638117283950617
220 0.3594444444444444
221 0.29333333333333333
222 0.4140432098765432
223 0.45726495726495725
224 1.0
225 0.2780830280830281
226 0.4186507936507936
227 0.3156565656565657
228 0.28025793650793657
229 0.4270833333333333
230 0.30185185185185187
231 0.425
232 0.3457671957671958
233 0.4407407407407407
234 0.4148589065255732
235 0.40740740740740744
236 0.3717948717948718
237 1.0
238 0.4270833333333333
239 1.0
240 1.0
241 0.215
242 0.45740740740740743
243 0.42236523020514255
244 0.3761904761904762
245 0.4
246 0.4645299145299145
247 0.3248015873015873
248 0.13705738705738707
249 0.651498753771481
250 0.34190476190476193
251 0.3996913580246914
252 1.0
253 1.0
254 0.4732094005531505
255 0.4703703703703704
256 0.2284090909090909
257 0.26851851851851855
258 0.494212962962963
259 0.4526234567901235
260 0.44666666666666666
261 0.35370370370370374
262 0.2510660331384016
263 0.43703703703703706
264 0.29993386243386244
265 1.0
266 1.0
267 1.0
268 1.0
269 0.4087301587301588
270 0.32222222222222224
271 0.22027625152625158
272 0.4365530303030303
273 0.5520833333333334
274 0.4128968253968255
275 0.3597222222222222
276 0.24189814814814817
277 0.5209671501338169
278 0.5258260258260258
279 0.6110552641802642
280 0.20965608465608468
281 0.4033333333333333
282 0.39444444444444443
283 0.4474206349206349
284 0.3918154761904762
285 0.3948412698412698
286 0.40740740740740744
287 1.0
288 1.0
289 0.3444444444444444
290 0.49245014245014246
291 1.0
292 0.29444444444444445
293 0.31
294 0.2093939393939394
295 0.36388888888888893
296 0.36
297 0.25777777777777783
298 0.35458333333333336
299 0.44421768707482995
300 0.4513888888888889
301 0.3564814814814815
302 0.47940917107583775
303 0.4069444444444444
304 0.38535353535353534
305 0.42777777777777776
306 0.4144444444444444
307 0.39691358024691353
308 0.23800705467372138
309 0.27811016144349476
310 0.41865079365079366
311 0.30646258503401363
312 0.3729166666666667
313 1.0
314 0.5466666666666666
315 0.6554473304473305
316 1.0
317 0.440625
318 0.4416666666666667
319 0.4068287037037037
320 1.0
321 0.43531144781144776
322 0.4270833333333333
323 1.0
324 1.0
325 0.46807359307359303
326 0.3690104166666667
327 0.32999999999999996
328 0.4097222222222222
329 0.45268620268620274
330 0.36157407407407405
331 0.39583333333333337
332 1.0
333 1.0
334 0.4017857142857143
335 0.35954861111111114
336 0.37083333333333335
337 0.4416666666666667
338 0.4458333333333333
339 0.23941798941798942
340 0.2542929292929293
341 0.25211640211640207
342 0.4658333333333333
343 0.47559523809523807
344 0.3899659863945578
345 0.4569444444444445
346 0.2971560846560846
347 0.4042824074074074
348 0.25661375661375657
349 0.41944444444444445
350 0.2931154684095861
351 1.0
352 0.4513888888888889
353 0.42916666666666664
354 0.49372895622895624
355 0.2357142857142857
356 0.30848450491307633
357 0.2666666666666667
358 0.4366666666666667
359 0.3666666666666667
360 0.44681069958847736
361 0.38571428571428573
362 0.4631410256410256
363 0.37202380952380953
364 0.44375
365 0.36620370370370364
366 1.0
367 1.0
368 0.2376984126984127
369 0.38244047619047616
370 0.3600721500721501
371 0.275
372 0.47444684944684945
373 0.22916666666666666
374 0.43554131054131046
375 0.4119791666666667
376 0.3182870370370371
377 1.0
378 0.3829365079365079
379 0.388327721661055
380 0.25925925925925924
381 0.4239583333333333
382 1.0
383 0.40092592592592596
384 0.2813131313131313
385 0.44303300865800865
386 0.25605158730158734
387 0.23714285714285716
388 0.6265628815628815
389 0.3179090354090354
390 0.3313586545729403
391 0.41717171717171714
392 0.21018518518518517
393 1.0
394 0.3452380952380953
395 0.24404761904761907
396 0.46388888888888885
397 0.3671428571428571
398 0.2892857142857143
399 0.4380952380952381
400 0.3880952380952381
401 1.0
402 1.0
403 0.37796703296703293
404 1.0
405 1.0
406 0.34344729344729347
407 0.2766023328523329
408 0.3245884773662551
409 0.22989417989417996
410 0.22330876795162516
411 0.30477736549165124
412 0.32751322751322753
413 1.0
414 0.4271604938271605
415 1.0
416 0.4654761904761905
417 1.0
418 1.0
419 0.46802721088435373
420 0.3486111111111111
421 0.3814814814814815
422 0.4287131519274376
423 0.47023809523809523
424 0.43930041152263377
425 0.4585714285714285
426 0.5198412698412699
427 0.40277777777777773
428 0.40638528138528135
429 0.353395061728395
430 0.3301539201539202
431 0.3566017316017316
432 0.22176870748299324
433 0.4008136924803592
434 0.2652116402116402
435 0.3642857142857143
436 0.35734126984126985
437 0.40424107142857146
438 0.45244588744588743
439 0.4562962962962963
440 0.37916666666666665
441 0.3712121212121212
442 0.3123931623931624
443 0.4382478632478633
444 0.4635802469135803
445 1.0
446 0.4530864197530864
447 0.28434193121693124
448 0.4664351851851852
449 0.33366402116402116
450 0.4537037037037037
451 0.21891534391534392
452 0.2872219794094794
453 0.43077200577200575
454 0.4128885003885004
455 0.4013888888888889
456 0.3257936507936508
457 0.44150641025641024
458 0.4217687074829932
459 0.24523809523809523
460 0.44642857142857145
461 0.42777777777777776
462 1.0
463 0.3990740740740741
464 0.2662990196078431
465 0.2673881673881674
466 0.43235930735930733
467 0.3823744270435447
468 0.4099867724867725
469 0.41347841156664683
470 1.0
471 0.38392857142857145
472 0.20757575757575758
473 0.35119047619047616
474 0.3453296703296703
475 0.25713183421516755
476 0.3317155067155067
477 0.39650072150072146
478 0.4511904761904762
479 0.2861111111111111
480 0.3462554112554112
481 0.3458333333333334
482 0.3388888888888889
483 0.34920634920634924
484 0.3625
485 0.25301243356367575
486 0.6046147910731244
487 0.29794515669515664
488 0.3225524475524475
489 0.3536742995566525
490 0.4623376623376623
491 0.45580808080808083
492 0.43716931216931215
493 0.40306712962962965
494 0.4730902777777778
495 0.3597222222222222
496 0.31776094276094274
497 0.3680272108843538
498 0.4687806637806638
499 1.0
500 0.3093253968253969
501 0.44538398692810455
502 0.46031746031746035
503 0.41359126984126987
504 1.0
505 0.20833333333333331
506 1.0
507 0.4275510204081633
508 0.2214781746031746
509 0.4597923681257014
510 0.5800925925925926
511 0.5027777777777778
512 0.40479797979797977
513 0.40329365079365076
514 0.4136784511784512
515 0.45932539682539686
516 0.676890756302521
517 0.30224867724867727
518 0.5506512006512007
519 0.3608201058201058
520 0.5875496031746033
521 1.0
522 0.3198717948717949
523 0.3010750360750361
524 0.3738636363636364
525 0.28681156806156805
526 0.3516800659657803
527 0.28655844155844157
528 0.4548611111111111
529 0.42857142857142855
530 0.4132275132275132
531 0.38391855058521723
532 0.4174603174603175
533 0.3531719309497088
534 0.3059523809523809
535 0.4291666666666667
536 0.39722222222222225
537 0.46164021164021163
538 0.22380952380952385
539 0.3283730158730159
540 0.24685185185185188
541 0.33119047619047615
542 0.5133184523809524
543 0.26267636684303347
544 0.3696969696969697
545 1.0
546 0.28888888888888886
547 1.0
548 0.383912037037037
549 0.4246031746031746
550 0.321875
551 0.44584736251402923
552 0.3541666666666667
553 0.47474747474747475
554 0.2704861111111111
555 0.6154761904761905
556 0.27953756313131317
557 0.32236652236652236
558 0.218939393939394
559 0.2643518518518519
560 0.4444444444444445
561 0.2879769921436588
562 0.4018424990647213
563 0.47320261437908495
564 0.24657483719983722
565 0.24954975579975583
566 0.2132478632478633
567 0.5909722222222222
568 0.2638888888888889
569 0.35753968253968255
570 0.3565586419753086
571 0.3162393162393162
572 0.321937321937322
573 0.31995400432900434
574 0.36399572649572653
575 0.39583333333333337
576 0.36574074074074076
577 0.39867424242424243
578 0.5022793726741095
579 0.472189889788574
580 0.42824074074074076
581 0.3130805408583186
582 0.4243827160493827
583 1.0
584 0.2246787603930461
585 0.3200113378684808
586 0.2993650793650794
587 0.3353174603174603
588 0.16881613756613756
589 0.4259259259259259
590 0.3392857142857143
591 0.2678571428571429
592 0.33576388888888886
593 0.3333333333333333
594 0.2367724867724868
595 0.32891414141414144
596 0.31227824463118586
597 0.2537037037037037
598 0.30876906318082786
599 0.3574074074074074
600 0.26862535612535615
601 0.4513888888888889
602 0.47290542479618114
603 0.35703703703703704
604 0.3957799145299145
605 0.49845679012345684
606 0.45926255117431586
607 0.4635416666666667
608 0.35016339869281043
609 0.6472222222222223
610 0.32672682709447415
611 1.0
612 1.0
613 1.0
614 1.0
615 1.0
616 1.0
617 0.39350168350168346
618 0.40987654320987654
619 1.0
620 0.6006697550815198
621 0.610930735930736
622 0.25925925925925924
623 0.6102693602693603
624 0.43815708101422385
625 0.4611111111111111
626 0.3823955365622032
627 0.2930622009569378
628 0.414983164983165
629 0.41854700854700855
630 0.36322256175197354
631 0.3618055555555556
632 0.23576728826728827
633 1.0
634 0.4312372812372813
635 0.47635327635327634
636 0.3002044252044252
637 0.4104938271604938
638 0.23780303030303035
639 0.3917748917748917
640 1.0
641 1.0
642 1.0
643 1.0
644 1.0
645 1.0
646 1.0

Avg. value is: 0.44698890632806865
