1 0.5417259327973614
2 0.32321428571428573
3 0.21666666666666665
4 0.425
5 0.15937500000000002
6 0.12967808335455394
7 0.19416170249503584
8 0.27
9 0.367051282051282
10 0.28858024691358025
11 0.4552380952380952
12 0.19769705603038937
13 0.28825396825396826
14 0.32116402116402115
15 0.22997685185185188
16 0.1772079772079772
17 0.21063988095238095
18 0.15615079365079365
19 0.38958333333333334
20 0.21269841269841272
21 0.31428571428571433
22 0.30714285714285716
23 0.19131054131054132
24 0.2576075159408493
25 1.0
26 0.14384920634920634
27 0.17978395061728394
28 0.2669512586179253
29 0.19916666666666666
30 0.4034900284900285
31 0.40148148148148144
32 0.11020892687559354
33 0.19734686609686608
34 0.414049938290829
35 0.35176027676027677
36 0.22291666666666665
37 0.4582694402547344
38 0.2993055555555556
39 0.10375118708452045
40 0.10433285849952516
41 0.2747183916301563
42 0.33114929052429054
43 0.3402777777777778
44 0.10542087542087542
45 0.3513888888888889
46 0.4488888888888889
47 0.29280626780626784
48 1.0
49 1.0
50 0.27653061224489794
51 0.26325396825396824
52 0.15530024509803922
53 0.18333333333333335
54 0.36309523809523814
55 0.3654579987913322
56 0.16857142857142857
57 0.3611111111111111
58 0.18703703703703703
59 0.34722222222222227
60 0.11053688141923437
61 0.32270892687559355
62 0.11396011396011402
63 0.24922669922669924
64 0.42481481481481487
65 0.17365491651205936
66 0.21868386243386245
67 0.2502204585537919
68 0.182010582010582
69 0.3831569664902998
70 0.20833333333333331
71 0.4384920634920635
72 0.3310185185185185
73 0.4177544677544678
74 0.262962962962963
75 0.4762626262626263
76 0.06666666666666665
77 0.054761904761904755
78 0.3388888888888889
79 0.4516594516594517
80 0.32287157287157287
81 0.43650793650793646
82 0.38095238095238093
83 0.3994708994708995
84 0.44058641975308643
85 0.28095238095238095
86 0.494949494949495
87 0.1597222222222222
88 0.16768841924121428
89 0.3783910533910534
90 0.24090909090909088
91 0.3800656417980979
92 0.3171016483516484
93 0.3348765432098766
94 0.41840277777777773
95 0.2781746031746032
96 0.18
97 0.43308080808080807
98 0.4255952380952381
99 1.0
100 0.4552469135802469
101 0.27525252525252525
102 0.2744107744107744
103 0.1991883116883117
104 0.31050298907441765
105 0.13936988936988937
106 0.32222222222222224
107 0.5919844400613632
108 0.325
109 0.4458333333333333
110 0.3386363636363636
111 0.36677402039720874
112 0.3651920995670996
113 0.4479166666666667
114 0.4396412037037037
115 0.3344080687830688
116 0.15343915343915346
117 0.41498316498316495
118 0.3853114478114478
119 0.44722222222222224
120 0.2898148148148148
121 1.0
122 0.3611111111111111
123 1.0
124 0.2290909090909091
125 0.4033189033189033
126 0.29074074074074074
127 0.44058641975308643
128 0.46071428571428574
129 0.4212962962962963
130 0.38117283950617287
131 0.48679698216735257
132 0.40268620268620275
133 1.0
134 0.38270584634221
135 0.26891133557800223
136 0.18344719516594518
137 0.17257094757094754
138 0.22425960283103144
139 0.31248196248196247
140 0.21978354978354978
141 0.46049031986531985
142 0.38252314814814814
143 0.13611111111111113
144 0.4407623626373626
145 0.45682404015737355
146 0.4280045351473923
147 0.3609267275933943
148 0.516547619047619
149 0.23263888888888895
150 0.20846560846560847
151 0.31995884773662553
152 0.3958333333333333
153 1.0
154 0.28055555555555556
155 0.4154040404040404
156 1.0
157 0.3453282828282828
158 0.4708243145743145
159 0.3231286075036075
160 0.4424242424242424
161 0.4436026936026936
162 0.2751262626262626
163 0.3646464646464646
164 0.4305555555555555
165 0.5412121212121213
166 0.2805555555555555
167 0.45541125541125543
168 0.3489177489177489
169 0.3216540404040404
170 0.5734796762118745
171 0.6542578563411897
172 0.41528646250868473
173 0.35143269428983714
174 0.24974747474747475
175 1.0
176 0.3654040404040404
177 0.4718013468013467
178 1.0
179 0.22786195286195285
180 0.4147546897546897
181 1.0
182 0.5949766540044318
183 0.5292929292929293
184 0.46924348799348803
185 0.4035185185185185
186 0.2534722222222222
187 0.20691287878787878
188 0.2796296296296297
189 0.4471230158730159
190 0.2743055555555556
191 0.3854355521022188
192 0.16826942898371472
193 0.1984126984126984
194 0.3811111111111111
195 0.17138176638176636
196 1.0
197 0.40706727135298565
198 0.37142857142857144
199 0.19018142351475686
200 0.26149572649572655
201 0.24191919191919192
202 0.3576719576719577
203 0.32686202686202687
204 0.23263888888888887
205 0.23040674603174605
206 0.26752136752136757
207 0.38425925925925924
208 0.408179012345679
209 0.42696523053665913
210 0.2489087301587302
211 0.4798290149393091
212 0.5079812626805108
213 0.5043264991181658
214 0.44722222222222224
215 0.3829365079365079
216 0.4921652421652422
217 0.37777777777777777
218 0.280298713632047
219 0.21436372269705606
220 0.3955026455026455
221 0.2574074074074074
222 0.365234533984534
223 0.6504884004884005
224 1.0
225 0.26766381766381764
226 0.3034188034188034
227 0.19063344063344062
228 0.24991096866096865
229 0.2375
230 0.4161253561253561
231 0.14285714285714285
232 0.25243737743737743
233 0.40811965811965817
234 0.3337962962962963
235 0.3713200379867047
236 0.298859126984127
237 1.0
238 0.42083333333333334
239 1.0
240 0.23611111111111108
241 0.20194444444444443
242 0.4436026936026936
243 0.38738234475076583
244 0.380952380952381
245 0.4152380952380952
246 0.44166666666666665
247 0.5848055301180302
248 0.1345456131170417
249 0.6438386073802741
250 0.3125
251 0.22007275132275134
252 0.4166666666666667
253 0.22013888888888886
254 0.47702420128890716
255 0.46810699588477367
256 0.3731481481481481
257 0.23606701940035277
258 0.4969765684051398
259 0.5559259259259259
260 0.4244237244237244
261 0.3037037037037037
262 0.34949821134031656
263 0.2685185185185185
264 1.0
265 0.3761904761904762
266 0.24333333333333332
267 0.462037037037037
268 1.0
269 0.30087145969498913
270 0.1376068376068376
271 0.2474809368191721
272 0.3236383442265795
273 0.5587690631808279
274 0.3209374658954491
275 0.32871572871572874
276 0.17009803921568625
277 0.5361275946275946
278 0.5081689342403628
279 0.547335750669084
280 0.48551198257080613
281 0.3622222222222223
282 0.2833333333333333
283 0.36467864923747273
284 0.38259803921568625
285 0.37380174291939
286 0.3819444444444445
287 0.22619047619047616
288 0.32404761904761903
289 0.31428571428571433
290 0.13888888888888887
291 1.0
292 0.15999999999999998
293 0.29333333333333333
294 0.336734693877551
295 0.23730158730158732
296 0.2172222222222222
297 0.23111111111111113
298 0.294973544973545
299 0.22834467120181406
300 0.37777777777777777
301 0.22685185185185183
302 0.4740740740740741
303 0.09999999999999998
304 0.2833333333333333
305 0.38746438746438744
306 0.4288888888888889
307 0.35280151946818616
308 0.20323452267896716
309 0.19712725546058882
310 0.40922619047619047
311 0.26024768881911736
312 0.3738888888888889
313 1.0
314 0.5706349206349207
315 0.5726631393298061
316 0.2033333333333333
317 0.13333333333333333
318 0.36515151515151506
319 0.3527777777777778
320 0.38333333333333336
321 0.1383907004830918
322 0.2125
323 1.0
324 0.16666666666666666
325 0.39722222222222225
326 0.2786195286195286
327 0.3791666666666667
328 0.1964285714285714
329 0.3379120879120879
330 0.24055555555555555
331 0.444510582010582
332 0.10333333333333332
333 0.29333333333333333
334 0.1488095238095238
335 0.3217948717948718
336 0.4846801346801346
337 0.35944650587507737
338 0.3490740740740741
339 0.338941798941799
340 0.30846920289855073
341 0.21428571428571427
342 0.1772875816993464
343 0.4174369747899159
344 0.25281084656084657
345 0.3732804232804233
346 0.43955238661121016
347 0.3375
348 0.3595238095238095
349 0.425
350 0.26895424836601306
351 0.1503623188405797
352 0.325
353 0.308994708994709
354 0.4617167919799499
355 0.1992063492063492
356 0.4565062830687831
357 0.37380952380952376
358 0.35
359 0.21851851851851853
360 0.19506172839506172
361 0.26640211640211636
362 0.3846153846153846
363 0.30416666666666664
364 0.38402777777777775
365 0.38329475308641975
366 0.36577380952380956
367 0.2508169934640523
368 0.3284486016628874
369 0.26080522486772484
370 0.39143990929705214
371 0.5503174603174603
372 0.5428177146927147
373 0.583042328042328
374 0.6018459164292498
375 0.47308760683760676
376 0.5634414318624846
377 0.20833333333333331
378 0.29008954008954013
379 0.2175925925925926
380 0.42268179351512686
381 0.36125841750841753
382 0.35654761904761906
383 0.3914021164021164
384 0.21000000000000002
385 0.3448833573833574
386 0.1887152777777778
387 0.28
388 0.6912927018633541
389 0.20526251526251527
390 0.3191059515593677
391 0.4275793650793651
392 0.2777777777777778
393 0.3388095238095238
394 0.4240079365079365
395 0.20833333333333331
396 0.21240580407247076
397 0.1582251082251082
398 0.16865079365079363
399 0.4291666666666667
400 0.20014610389610388
401 0.32220160791589364
402 0.20833333333333331
403 0.32779387279387284
404 0.38257575757575757
405 0.4055555555555556
406 0.34991181657848325
407 0.27403665413533834
408 0.3074074074074074
409 0.2465314520870077
410 0.1253968253968254
411 0.20767195767195765
412 0.3265873015873016
413 1.0
414 0.42248677248677247
415 0.2523809523809524
416 0.39404761904761904
417 1.0
418 0.4396794871794872
419 0.46802721088435373
420 0.3061111111111111
421 0.3666666666666667
422 0.4623015873015873
423 0.40079365079365076
424 0.3281893004115226
425 0.1925925925925926
426 0.5343650793650794
427 0.25555555555555554
428 0.40638528138528135
429 0.28055555555555556
430 0.25537037037037036
431 0.3572871572871573
432 0.1343253968253968
433 0.4772486772486773
434 0.2708333333333333
435 0.49036281179138325
436 0.3285583464154893
437 0.29965277777777777
438 0.4689342403628118
439 0.23591269841269843
440 0.38333333333333336
441 0.5852092352092352
442 0.4164835164835165
443 0.2843846629560915
444 0.3128066378066378
445 0.08333333333333331
446 0.4395061728395062
447 0.33554593554593554
448 0.17592592592592593
449 1.0
450 0.17592592592592593
451 0.43766534391534384
452 0.256305114638448
453 0.3902752009894867
454 0.3391269841269841
455 0.3502367424242424
456 0.28240740740740744
457 0.22847222222222224
458 0.4222222222222222
459 0.3721428571428571
460 0.39490740740740743
461 0.3287878787878788
462 0.4601851851851852
463 0.2618686868686868
464 0.42314814814814816
465 0.3218572277395807
466 0.4942821067821068
467 0.3681773972215149
468 0.4149471292445149
469 0.38754985754985755
470 0.3929292929292929
471 0.38095238095238093
472 0.21388888888888885
473 0.3055555555555555
474 0.29777603349031917
475 0.29074074074074074
476 0.2730902777777778
477 0.4010802469135803
478 0.4468864468864469
479 0.37920227920227917
480 0.3345787545787546
481 0.254057734204793
482 0.25
483 0.2789115646258503
484 0.30654761904761907
485 0.21130952380952386
486 0.5670999525166192
487 0.27774810066476735
488 0.31954365079365077
489 0.28042328042328046
490 0.4623376623376623
491 0.46275252525252525
492 0.38558201058201064
493 0.3632688492063492
494 0.41226851851851853
495 0.3194444444444445
496 0.3055555555555555
497 0.41363636363636364
498 0.4708994708994709
499 0.25
500 0.2949585137085137
501 0.24263784461152882
502 0.31726190476190474
503 0.4145833333333333
504 0.4268518518518518
505 0.5765151515151515
506 0.20763888888888887
507 0.2119047619047619
508 0.20215201465201466
509 0.4342857142857143
510 0.5593711843711844
511 0.46923076923076923
512 0.28253043253043253
513 0.4788547237076649
514 0.4378902843188558
515 0.4560185185185186
516 0.45
517 0.24910968660968663
518 0.5298174048174048
519 0.32821067821067823
520 0.5131804152637486
521 0.25900673400673396
522 0.2329365079365079
523 0.3062121212121212
524 0.386002886002886
525 0.290950176366843
526 0.3531041709613138
527 0.27648869648869645
528 0.44365079365079363
529 0.43092592592592593
530 0.395703062369729
531 0.3608465608465609
532 0.395959595959596
533 0.3470473321350514
534 0.28071789321789326
535 0.4097222222222222
536 0.35388257575757576
537 0.4656084656084656
538 0.24301587301587305
539 0.3282407407407407
540 0.16925925925925928
541 0.3462301587301587
542 0.5225418871252204
543 0.23734567901234568
544 0.3624338624338625
545 0.4064153439153439
546 0.4154040404040404
547 0.2791666666666666
548 0.3632388262322473
549 0.1835034013605442
550 0.2520833333333333
551 0.44135802469135804
552 0.3554563492063492
553 0.47929292929292927
554 0.22287457912457914
555 0.6088023088023088
556 0.2134589947089947
557 0.2583964646464646
558 0.17297979797979793
559 0.19768518518518519
560 0.4133333333333333
561 0.23093434343434346
562 0.42741059445604906
563 0.4271102971102971
564 0.17731481481481484
565 0.15006105006105006
566 0.09384874384874382
567 0.5841798941798941
568 0.13703703703703704
569 0.30712859671193005
570 0.4185897435897436
571 0.26156806156806156
572 0.28178611511944845
573 0.31031295093795097
574 0.26185481185481185
575 0.3159722222222222
576 0.3099537037037037
577 0.3787393162393162
578 0.5148795648795649
579 0.4779456654456654
580 0.3865740740740741
581 0.2781088978801397
582 0.3865740740740741
583 1.0
584 0.3759523809523809
585 0.30413832199546487
586 0.32487244897959183
587 0.20814140471003217
588 0.35603293311626644
589 0.35185185185185186
590 0.34761904761904766
591 0.3263888888888889
592 0.3
593 0.1773504273504274
594 0.35788359788359786
595 0.329265873015873
596 0.30828245828245826
597 0.31527777777777777
598 0.2267331433998101
599 0.17179487179487182
600 0.2531940281940282
601 0.3968253968253968
602 0.42404790976219553
603 0.22546296296296295
604 0.41563390313390314
605 0.4454178537511871
606 0.42288868538868535
607 0.3865699404761905
608 0.14616402116402116
609 0.6546160130718954
610 0.24573112073112074
611 0.3627450980392157
612 0.3611111111111111
613 1.0
614 1.0
615 1.0
616 1.0
617 0.3794444444444444
618 0.23333333333333334
619 0.23333333333333334
620 0.5707407407407408
621 0.6301887926887927
622 0.32083333333333336
623 0.6609457671957673
624 0.35858189429618
625 0.15310846560846558
626 0.3565911573806311
627 0.6897024983563445
628 0.35030864197530864
629 0.4471639471639472
630 0.3840238221817169
631 0.15634920634920635
632 0.14611111111111108
633 0.35119047619047616
634 0.3396825396825397
635 0.1858796296296296
636 0.18492063492063493
637 0.4483359233359234
638 0.3010537548352675
639 0.2423469387755102
640 1.0
641 1.0
642 1.0
643 1.0
644 1.0
645 1.0
646 1.0

Avg. value is: 0.3708219210816752
